7.058869931193041403e-01 6.702530854191505183e-01 2.290946407734071322e-01 2.394597053527832031e+01 -6.950854238868632295e-01 7.177024716846005514e-01 4.194538875531962641e-02 -8.772874832153320312e+00 -1.363077637004112552e-01 -1.888490498359051695e-01 9.724999896817833056e-01 -1.647870254516601562e+01
6.841892140584021620e-01 6.931985597883413286e-01 2.266293804287419777e-01 2.414809417724609375e+01 -7.185471175038794511e-01 6.939003065704599793e-01 4.682311895087581943e-02 -8.974930763244628906e+00 -1.248004779358321686e-01 -1.948797610035254146e-01 9.728549323810804506e-01 -1.650440025329589844e+01
6.570355125607243441e-01 7.190432911746451605e-01 2.264532637230051160e-01 2.435578727722167969e+01 -7.447001473938419380e-01 6.657607596369328196e-01 4.673651034517060932e-02 -9.208883285522460938e+00 -1.171581226618812477e-01 -1.993473259022772170e-01 9.729001068711807809e-01 -1.654282379150390625e+01
6.259741930723754511e-01 7.458623184330697153e-01 2.276965338977174902e-01 2.458383178710937500e+01 -7.721893323080080140e-01 6.336294236614405939e-01 4.730104163951767693e-02 -9.497477531433105469e+00 -1.089951589617685901e-01 -2.054340658511061013e-01 9.725825928479197025e-01 -1.659207153320312500e+01
5.889548303079623626e-01 7.745554066182058772e-01 2.306428623118979004e-01 2.485879135131835938e+01 -8.018320308032642618e-01 5.956976174323945772e-01 4.700790320022506241e-02 -9.855076789855957031e+00 -1.009831779794658768e-01 -2.126223663302483913e-01 9.719023238480773985e-01 -1.662820434570312500e+01
5.502556644211138437e-01 8.024647439628292966e-01 2.308008632331114973e-01 2.510967636108398438e+01 -8.301292274353387901e-01 5.555357634189057592e-01 4.759707260096203429e-02 -1.021217823028564453e+01 -9.002316107583785421e-02 -2.177851010956544653e-01 9.718361385597209523e-01 -1.665069961547851562e+01
5.069321077602806369e-01 8.305947245426847925e-01 2.305043203143515296e-01 2.536340713500976562e+01 -8.584815778192007585e-01 5.105735623362056552e-01 4.820806974327671024e-02 -1.065666961669921875e+01 -7.764804354763286953e-02 -2.223219310036207708e-01 9.718764017754758511e-01 -1.670711135864257812e+01
4.607386249518748977e-01 8.571638509097796454e-01 2.301956823465049484e-01 2.562682533264160156e+01 -8.850725111013566515e-01 4.630474374278519267e-01 4.726225538671371962e-02 -1.114269828796386719e+01 -6.608002398754793394e-02 -2.255154171781101058e-01 9.719960015580250134e-01 -1.674191665649414062e+01
4.127698491334010900e-01 8.809779131885321357e-01 2.312984395113132918e-01 2.587493896484375000e+01 -9.090782441906791744e-01 4.142348397323833975e-01 4.456729171801630807e-02 -1.166614532470703125e+01 -5.654907236711670393e-02 -2.286644135537185263e-01 9.718615067943336960e-01 -1.676699256896972656e+01
3.645673208101162244e-01 9.018956812288260183e-01 2.316783304025769041e-01 2.610856628417968750e+01 -9.301239537553319670e-01 3.645333042547599378e-01 4.455222485640535079e-02 -1.223951816558837891e+01 -4.427300811874980424e-02 -2.317318499255084929e-01 9.717717069776310446e-01 -1.680716133117675781e+01
3.166979913289043047e-01 9.199363660499658701e-01 2.311265123412297451e-01 2.633029747009277344e+01 -9.480203530315002292e-01 3.149469977823374789e-01 4.545105967875902320e-02 -1.285874366760253906e+01 -3.098051849577501682e-02 -2.335068971287051487e-01 9.718614800819390664e-01 -1.681177330017089844e+01
2.710734388908250247e-01 9.345468148905241579e-01 2.305242753071323758e-01 2.652790069580078125e+01 -9.623044528280736420e-01 2.686191113857774315e-01 4.259005829506502805e-02 -1.353425693511962891e+01 -2.212082266019747834e-02 -2.333795701776222309e-01 9.721340676205850739e-01 -1.683451080322265625e+01
2.297966747810982202e-01 9.454266963732178564e-01 2.310018399155583935e-01 2.672752380371093750e+01 -9.731403718073983189e-01 2.265804799264222735e-01 4.073208655188881311e-02 -1.422323417663574219e+01 -1.383130572681352810e-02 -2.341573144301395404e-01 9.721003276826708506e-01 -1.684953117370605469e+01
1.907142115705854346e-01 9.538523931558254842e-01 2.319346924802638266e-01 2.689307022094726562e+01 -9.816221696889039228e-01 1.869426497066249970e-01 3.834529561647266604e-02 -1.495431709289550781e+01 -6.782733981111732646e-03 -2.349852288795419297e-01 9.719752757802899712e-01 -1.684291458129882812e+01
1.524171062013578437e-01 9.611254953411205726e-01 2.302320740958785084e-01 2.701502609252929688e+01 -9.883143773844151880e-01 1.477690478609229308e-01 3.740320774388601610e-02 -1.573933029174804688e+01 1.928002193995803637e-03 -2.332425576509620235e-01 9.724166761774386547e-01 -1.683648109436035156e+01
1.149253338516803558e-01 9.664184295018983795e-01 2.298425260002251447e-01 2.714186477661132812e+01 -9.932993023647721520e-01 1.089584295973812234e-01 3.852994343792452703e-02 -1.654875373840332031e+01 1.219276673839618519e-02 -2.327304873426704335e-01 9.724648357141281174e-01 -1.683583641052246094e+01
8.162374312944209453e-02 9.702248684282541724e-01 2.280378679976552414e-01 2.723521995544433594e+01 -9.964639665021293169e-01 7.486780201036058457e-02 3.813627780711184578e-02 -1.735390853881835938e+01 1.992807116563517777e-02 -2.303443442012732267e-01 9.729051110329839380e-01 -1.682895278930664062e+01
5.084362830819688650e-02 9.723071969531187353e-01 2.281088341420098864e-01 2.731207084655761719e+01 -9.983752218637416131e-01 4.359961879082507874e-02 3.668773105302892967e-02 -1.822757911682128906e+01 2.572628673132931754e-02 -2.296035452567398716e-01 9.729441762899624369e-01 -1.679602050781250000e+01
2.183550402263556567e-02 9.736865061273654032e-01 2.268431143975095099e-01 2.737110328674316406e+01 -9.992781552011784640e-01 1.420056854926532441e-02 3.523510168293929323e-02 -1.907513236999511719e+01 3.108664185477291730e-02 -2.274487450797689769e-01 9.732937321589159030e-01 -1.677202987670898438e+01
-1.523133436391210793e-03 9.743128377744011415e-01 2.251936371492960776e-01 2.740555953979492188e+01 -9.993424324914276236e-01 -9.641104969434932670e-03 3.495356515557490606e-02 -1.990347480773925781e+01 3.622682275126577756e-02 -2.249923181865599031e-01 9.736868459984380220e-01 -1.673691177368164062e+01
-2.070663478811796132e-02 9.745581758710696318e-01 2.231761571463337646e-01 2.742811965942382812e+01 -9.989623841520992586e-01 -2.922419785474916765e-02 3.492994859573184119e-02 -2.074282264709472656e+01 4.056341115963370270e-02 -2.222213043400655397e-01 9.741520936550382981e-01 -1.670855331420898438e+01
-3.756828112765941974e-02 9.737317136956866737e-01 2.245777682594031210e-01 2.744574546813964844e+01 -9.982746076384949596e-01 -4.671873291981876175e-02 3.556919648481229879e-02 -2.161474990844726562e+01 4.512684342297491880e-02 -2.228540099204581459e-01 9.738067869269809718e-01 -1.666800880432128906e+01
-5.480779276880731743e-02 9.730942690256929595e-01 2.237937654206757776e-01 2.744252967834472656e+01 -9.973047087467963312e-01 -6.429905984622086290e-02 3.534046992274596233e-02 -2.248227119445800781e+01 4.877933746249404900e-02 -2.212536428903377206e-01 9.739955861011254656e-01 -1.661476898193359375e+01
-7.008438837957786660e-02 9.720879312785030146e-01 2.239045161852276922e-01 2.742284202575683594e+01 -9.961829166069874342e-01 -7.991180934940245173e-02 3.512405709624917549e-02 -2.339056205749511719e+01 5.203628701066501105e-02 -2.205882059158765784e-01 9.739779608620302565e-01 -1.656904220581054688e+01
-8.170614566463219042e-02 9.710466470961989227e-01 2.244827719978968461e-01 2.740081787109375000e+01 -9.949906786834858963e-01 -9.249049685945898158e-02 3.793490903727275709e-02 -2.433101081848144531e+01 5.759908934701718497e-02 -2.202587504593636614e-01 9.737394044365638157e-01 -1.652039909362792969e+01
-9.345477668389334802e-02 9.695307604980932803e-01 2.264427282183119061e-01 2.735331344604492188e+01 -9.936868256175878100e-01 -1.050076996750415326e-01 3.949526051310246755e-02 -2.530567741394042969e+01 6.207009995968409966e-02 -2.213221350361163631e-01 9.732234148611766944e-01 -1.646266365051269531e+01
-1.014653051292284669e-01 9.690371792222072234e-01 2.251038363513616358e-01 2.731021118164062500e+01 -9.928288699154879104e-01 -1.130110659949595808e-01 3.897863549456663523e-02 -2.629273033142089844e+01 6.321097149520774061e-02 -2.195346083143860927e-01 9.735547898474338213e-01 -1.641015243530273438e+01
-1.088786849688588854e-01 9.680540814890400414e-01 2.258688275788919286e-01 2.726323509216308594e+01 -9.921082645936075695e-01 -1.200366613189103315e-01 3.622694114149972722e-02 -2.731937026977539062e+01 6.218217819047883177e-02 -2.201419888431564997e-01 9.734838886513054179e-01 -1.633912086486816406e+01
-1.152946413676115833e-01 9.673128952046780027e-01 2.258603737769375730e-01 2.720957374572753906e+01 -9.913776830785584471e-01 -1.263074797680382444e-01 3.488137108022344723e-02 -2.838169670104980469e+01 6.226905463955174913e-02 -2.198912988851325911e-01 9.735349924419285372e-01 -1.627263641357421875e+01
-1.217141748972672133e-01 9.667569908157013225e-01 2.248701410548924196e-01 2.712676239013671875e+01 -9.906521334783245925e-01 -1.323802067559863849e-01 3.292159312800436999e-02 -2.943962478637695312e+01 6.159553607138287812e-02 -2.187610604477224219e-01 9.738324231446943147e-01 -1.620588684082031250e+01
-1.272967835506678691e-01 9.663657448763478541e-01 2.234564298185126030e-01 2.703659629821777344e+01 -9.899669011762064486e-01 -1.377166792516982818e-01 3.161725528036815613e-02 -3.053985595703125000e+01 6.132750992200436402e-02 -2.171896944734401369e-01 9.742009921680947482e-01 -1.613433837890625000e+01
-1.309509995381715752e-01 9.662953081395477817e-01 2.216420835208201823e-01 2.695216369628906250e+01 -9.894791637018010011e-01 -1.412604307158668027e-01 3.124860499210316278e-02 -3.166040420532226562e+01 6.150463657268848139e-02 -2.152181873854164540e-01 9.746272679843290820e-01 -1.606980705261230469e+01
-1.322782192552833802e-01 9.663678524678130932e-01 2.205349097703086236e-01 2.684858322143554688e+01 -9.891983930930582369e-01 -1.428773371364797651e-01 3.275065854147406197e-02 -3.283050537109375000e+01 6.315862421524645609e-02 -2.138205795744078652e-01 9.748290865263005145e-01 -1.600034523010253906e+01
-1.328229548960244699e-01 9.665717705430501017e-01 2.193104535628935536e-01 2.674138832092285156e+01 -9.890633997121562881e-01 -1.435744417617837998e-01 3.376345691163108731e-02 -3.405145645141601562e+01 6.412218026954527583e-02 -2.124273806788230523e-01 9.750707430414545795e-01 -1.592431354522705078e+01
-1.334159787416907550e-01 9.666526063083755727e-01 2.185930358763084058e-01 2.664173889160156250e+01 -9.889736630788228400e-01 -1.441609692507384022e-01 3.389260510999934917e-02 -3.525484466552734375e+01 6.427495898755153370e-02 -2.116609403312570969e-01 9.752273457944237167e-01 -1.584543895721435547e+01
-1.325666676621448659e-01 9.670575906440527225e-01 2.173147371962478036e-01 2.653431701660156250e+01 -9.889897673075925821e-01 -1.436039515156415369e-01 3.573716930546096127e-02 -3.651287841796875000e+01 6.576715582894201995e-02 -2.101844939257249134e-01 9.754471588596476117e-01 -1.576220607757568359e+01
-1.303194137867572655e-01 9.674983774478504994e-01 2.167111903572408460e-01 2.642875289916992188e+01 -9.893992387508008246e-01 -1.410287807100146784e-01 3.464144007951024118e-02 -3.778954315185546875e+01 6.407805201168066678e-02 -2.098994346043431269e-01 9.756209461687286311e-01 -1.568352603912353516e+01
-1.282829062641569484e-01 9.678689923151877483e-01 2.162709173125340611e-01 2.633230018615722656e+01 -9.898225380233010018e-01 -1.384993973576842397e-01 3.269954361561207279e-02 -3.910406494140625000e+01 6.160226604218844992e-02 -2.098750357863976568e-01 9.757856476563516734e-01 -1.559110927581787109e+01
-1.252345977245694630e-01 9.683403529144359867e-01 2.159473464766613893e-01 2.623541069030761719e+01 -9.902357094822750172e-01 -1.354328919771227158e-01 3.303288417394038834e-02 -4.044613265991210938e+01 6.123344836689501025e-02 -2.097019138879256950e-01 9.758460801339726709e-01 -1.552015113830566406e+01
-1.232383718997251965e-01 9.683621128858272975e-01 2.169956728112363287e-01 2.614559555053710938e+01 -9.904624859791051339e-01 -1.336003678711913389e-01 3.368984376297062822e-02 -4.182430267333984375e+01 6.161467000314152509e-02 -2.107741920444210215e-01 9.755910374785253802e-01 -1.544025325775146484e+01
-1.217450324242362880e-01 9.686939861041775623e-01 2.163564382347374360e-01 2.604468917846679688e+01 -9.906086371022239101e-01 -1.322503570414765850e-01 3.470405107299642800e-02 -4.322910690307617188e+01 6.223082177262999337e-02 -2.100995105848703914e-01 9.756974533499106483e-01 -1.535888862609863281e+01
-1.202038672695989741e-01 9.689345398445619040e-01 2.161408980032235583e-01 2.595103836059570312e+01 -9.907666465002504808e-01 -1.308388491867960024e-01 3.553375474281529611e-02 -4.466221237182617188e+01 6.270950865762164872e-02 -2.098738979475106570e-01 9.757153603814164855e-01 -1.528022384643554688e+01
-1.189805391013152303e-01 9.690726722039214591e-01 2.161984905190408313e-01 2.584797286987304688e+01 -9.909792889655569814e-01 -1.294267283412062763e-01 3.476738172786557335e-02 -4.613122940063476562e+01 6.167398281674318916e-02 -2.101115845888630873e-01 9.757302095687501176e-01 -1.518200016021728516e+01
-1.185712941075086624e-01 9.691201746724855681e-01 2.162103958102886692e-01 2.577654647827148438e+01 -9.910742521154982665e-01 -1.288700528846915550e-01 3.412237188711404745e-02 -4.762891006469726562e+01 6.093172414577145701e-02 -2.102346225346049535e-01 9.757503412658156128e-01 -1.509427452087402344e+01
-1.184512600054132836e-01 9.692397015768643431e-01 2.157398894278034773e-01 2.564125633239746094e+01 -9.912350355914170130e-01 -1.282214821424284557e-01 3.181753813985176149e-02 -4.966162872314453125e+01 5.850130955125699972e-02 -2.100801094925214274e-01 9.759323462086898493e-01 -1.497444725036621094e+01
-1.183269029858368127e-01 9.692947442321967477e-01 2.155607636691346807e-01 2.554238128662109375e+01 -9.912404518737240045e-01 -1.281279384147235856e-01 3.202495849752563795e-02 -5.124473190307617188e+01 5.866098020793551748e-02 -2.098831346283759336e-01 9.759651424101226658e-01 -1.489628601074218750e+01
-1.174584973579531066e-01 9.694596736263794146e-01 2.152938517715864419e-01 2.542150878906250000e+01 -9.912570533949818241e-01 -1.275766712716192020e-01 3.366967540609432097e-02 -5.285610961914062500e+01 6.010786548456270584e-02 -2.094567596414288468e-01 9.759687035696392732e-01 -1.480109596252441406e+01
-1.171480046921352658e-01 9.691491894770448701e-01 2.168552363505173441e-01 2.531924819946289062e+01 -9.912040463021144499e-01 -1.276387347010844442e-01 3.496987272242076117e-02 -5.451866912841796875e+01 6.157015178613410578e-02 -2.108511369186646389e-01 9.755772211717219644e-01 -1.471866416931152344e+01
-1.184456902919066579e-01 9.690669021923898896e-01 2.165177995604955496e-01 2.522077560424804688e+01 -9.911523231952379387e-01 -1.285383992200680447e-01 3.309006120612895119e-02 -5.618883514404296875e+01 5.989733446453758547e-02 -2.106827449061446367e-01 9.757177308642369651e-01 -1.461946582794189453e+01
-1.200854539952900257e-01 9.686963619784603186e-01 2.172713557476954049e-01 2.511374855041503906e+01 -9.911315858922198352e-01 -1.295253767223626395e-01 2.968764442835045148e-02 -5.789576339721679688e+01 5.690046735765180719e-02 -2.117794491319367478e-01 9.756596751633502818e-01 -1.451067829132080078e+01
-1.209098325958156694e-01 9.686558728631995407e-01 2.169944984309148950e-01 2.498944282531738281e+01 -9.911184532095025368e-01 -1.299936059870628879e-01 2.803344627552974144e-02 -5.962029647827148438e+01 5.536265970177561835e-02 -2.116777323435621305e-01 9.757702155428975566e-01 -1.440904140472412109e+01
-1.210915338647231554e-01 9.687674575555280665e-01 2.163942088127289998e-01 2.488419151306152344e+01 -9.910794843781036700e-01 -1.302174835532960984e-01 2.837010084366382856e-02 -6.132363510131835938e+01 5.566233979201015702e-02 -2.110284818654709627e-01 9.758937871358919214e-01 -1.431692695617675781e+01
-1.214623250989729231e-01 9.687621344690419134e-01 2.162101533243470097e-01 2.476021194458007812e+01 -9.911158046679279243e-01 -1.302605083718478829e-01 2.686376176476129585e-02 -6.304428863525390625e+01 5.418823967428254562e-02 -2.110263651245834482e-01 9.759772066515224331e-01 -1.421508026123046875e+01
-1.214975439909001809e-01 9.689558194116809631e-01 2.153206140443065797e-01 2.465363311767578125e+01 -9.911321168348417032e-01 -1.301899099526973025e-01 2.660290068759949000e-02 -6.474110412597656250e+01 5.380960678786829432e-02 -2.101789888993343403e-01 9.761809867245870853e-01 -1.412528610229492188e+01
-1.216150496528081160e-01 9.688027161894339212e-01 2.159422997050832183e-01 2.454172515869140625e+01 -9.910566575528940714e-01 -1.305583551754595506e-01 2.759016879187409232e-02 -6.645046234130859375e+01 5.492250192799437436e-02 -2.106556740224519719e-01 9.760162425821180543e-01 -1.403642272949218750e+01
-1.228816188911391327e-01 9.693341870918479319e-01 2.128176249131623066e-01 2.442847824096679688e+01 -9.909356912667171002e-01 -1.315726276227420222e-01 2.711271720431626675e-02 -6.819350433349609375e+01 5.428225780535290979e-02 -2.075569256744613234e-01 9.767157002383647368e-01 -1.393147945404052734e+01
-1.225995588157765548e-01 9.698533671981520721e-01 2.106034052730011430e-01 2.429276084899902344e+01 -9.909195457642422378e-01 -1.314260773944526672e-01 2.838379824998638057e-02 -6.992521667480468750e+01 5.520690174756694157e-02 -2.052111895465605074e-01 9.771594371873609797e-01 -1.383996391296386719e+01
-1.231361766823501069e-01 9.704282731979450016e-01 2.076209251740007700e-01 2.416971588134765625e+01 -9.909262472175905945e-01 -1.315916668680870982e-01 2.736431592678954805e-02 -7.168872070312500000e+01 5.387628947241851485e-02 -2.023674869857639558e-01 9.778265416952798272e-01 -1.372367668151855469e+01
-1.239303339460586795e-01 9.711090835425277845e-01 2.039323912212332446e-01 2.403797149658203125e+01 -9.908763588654556642e-01 -1.320817744769253732e-01 2.680384846553068856e-02 -7.342935943603515625e+01 5.296521282459733249e-02 -1.987499753766484578e-01 9.786179711809031012e-01 -1.363142013549804688e+01
-1.246644758541092246e-01 9.718817793981937569e-01 1.997612958854156351e-01 2.390476989746093750e+01 -9.907379424973490334e-01 -1.328537514371527228e-01 2.807507836488834507e-02 -7.520026397705078125e+01 5.382469466833596228e-02 -1.944111303471990071e-01 9.794422977597938562e-01 -1.353510856628417969e+01
-1.259437632243480820e-01 9.727346528746566579e-01 1.947446112263719886e-01 2.375751304626464844e+01 -9.906069441981716350e-01 -1.338533227382494584e-01 2.794942035697225990e-02 -7.700516510009765625e+01 5.325458300700573744e-02 -1.893953090463209865e-01 9.804556931855710200e-01 -1.342407321929931641e+01
-1.273029246393492242e-01 9.732662042637501010e-01 1.911723332919814666e-01 2.361454582214355469e+01 -9.904244089559115505e-01 -1.351148936979457149e-01 2.834529317763280487e-02 -7.879327392578125000e+01 5.341774539047221271e-02 -1.857333064881608320e-01 9.811471262447715169e-01 -1.331964778900146484e+01
-1.289278751290123814e-01 9.742795809500143234e-01 1.848158574326957959e-01 2.347050476074218750e+01 -9.902227836836977604e-01 -1.364955150877136258e-01 2.877174020890274631e-02 -8.060076904296875000e+01 5.325825465058568742e-02 -1.792993934869956396e-01 9.823519154594084757e-01 -1.322563266754150391e+01
-1.316006100835981352e-01 9.749275803888763914e-01 1.794365972222943251e-01 2.331506538391113281e+01 -9.899315615356285569e-01 -1.387652414920367283e-01 2.792330978392670859e-02 -8.239907073974609375e+01 5.212276759015369021e-02 -1.739552262817873618e-01 9.833731724772620808e-01 -1.312445449829101562e+01
-1.331774948541538661e-01 9.750382274447536579e-01 1.776631922649285489e-01 2.316950798034667969e+01 -9.896410569632271281e-01 -1.405254232107513435e-01 2.937998985952927633e-02 -8.422078704833984375e+01 5.361280851698239924e-02 -1.719100359281923451e-01 9.836526858145048235e-01 -1.302221393585205078e+01
-1.342812440664459261e-01 9.753392468611180588e-01 1.751624989098831964e-01 2.299869346618652344e+01 -9.892905883128592093e-01 -1.421509260135701558e-01 3.312470541879035391e-02 -8.604750061035156250e+01 5.720733665855026046e-02 -1.688385849439391628e-01 9.839821405221558237e-01 -1.293322944641113281e+01
-1.364274869232442455e-01 9.752689868777252302e-01 1.738906094253043488e-01 2.284519767761230469e+01 -9.889016116364933717e-01 -1.444964950055576125e-01 3.455959250129042593e-02 -8.790232849121093750e+01 5.883148234197736054e-02 -1.672458255550929862e-01 9.841583665852975393e-01 -1.281552696228027344e+01
-1.392702925075250953e-01 9.749345572027222628e-01 1.735119442482297991e-01 2.268727493286132812e+01 -9.884409741991054821e-01 -1.474638623282864547e-01 3.519729863992310248e-02 -8.976275634765625000e+01 5.990180422317963049e-02 -1.666043771308443333e-01 9.842025987425817579e-01 -1.270403957366943359e+01
-1.428296930443467838e-01 9.746106188362697598e-01 1.724349745163133996e-01 2.252484512329101562e+01 -9.880296625700841773e-01 -1.506608128457924689e-01 3.314672463896194132e-02 -9.162882995605468750e+01 5.828434323644536563e-02 -1.656365331810257246e-01 9.844630385185962895e-01 -1.257896232604980469e+01
-1.440204944461951353e-01 9.753098117473810724e-01 1.674182435959771231e-01 2.232576370239257812e+01 -9.878288004879223205e-01 -1.517392957190206726e-01 3.419717914226992617e-02 -9.352860260009765625e+01 5.875677072530772344e-02 -1.604554681024740193e-01 9.852926898388871813e-01 -1.246746349334716797e+01
-1.418410679917134765e-01 9.762118099663582571e-01 1.639866260192502923e-01 2.214325904846191406e+01 -9.879325321928796866e-01 -1.500161946658796763e-01 3.852860201115656386e-02 -9.541152191162109375e+01 6.221272591628923543e-02 -1.565427846314745575e-01 9.857098626441193057e-01 -1.233979034423828125e+01
-1.371161286720217198e-01 9.769526329411591936e-01 1.635931546469321374e-01 2.197771263122558594e+01 -9.886000812443295205e-01 -1.453371002790381228e-01 3.933200536695917460e-02 -9.731589508056640625e+01 6.220166092399185415e-02 -1.563351536661486407e-01 9.857435128401700331e-01 -1.220732688903808594e+01
-1.329779032789945026e-01 9.772423787731796541e-01 1.652701133576790216e-01 2.181076812744140625e+01 -9.893445946147974013e-01 -1.408549676288575192e-01 3.683953312347905407e-02 -9.922345733642578125e+01 5.928026944949545823e-02 -1.586102494292572773e-01 9.855600633294675506e-01 -1.208372783660888672e+01
-1.287232615161185700e-01 9.773996418691750510e-01 1.676909717863825366e-01 2.166082572937011719e+01 -9.899979629201607345e-01 -1.365005701056531962e-01 3.565989027975018100e-02 -1.011587142944335938e+02 5.774387723893410762e-02 -1.614234630865045150e-01 9.851944529921871085e-01 -1.196058368682861328e+01
-1.268330372109546245e-01 9.775411525522199607e-01 1.683053051413468948e-01 2.150093650817871094e+01 -9.903200612813469750e-01 -1.344373182997131710e-01 3.453670036483802441e-02 -1.031042709350585938e+02 5.638755975881205168e-02 -1.622957254990373688e-01 9.851297074950017274e-01 -1.184556770324707031e+01
-1.214717659432241748e-01 9.787646897622839237e-01 1.651190242012561538e-01 2.134916114807128906e+01 -9.911830542997974725e-01 -1.284782226304518327e-01 3.239597472904684472e-02 -1.050272903442382812e+02 5.292223490707426148e-02 -1.597279824710138296e-01 9.857414512275417540e-01 -1.171165752410888672e+01
-1.191581194992923365e-01 9.792169436096115342e-01 1.641204432885900455e-01 2.120660591125488281e+01 -9.917481265901885168e-01 -1.252597139790050385e-01 2.730672918438264984e-02 -1.069915847778320312e+02 4.729689167634286429e-02 -1.595123236673229861e-01 9.860622813169599432e-01 -1.164304924011230469e+01
-1.157513164003683981e-01 9.788656670807668325e-01 1.685931154054254033e-01 2.107695007324218750e+01 -9.918266701908590166e-01 -1.230779487078866863e-01 3.364037514612185087e-02 -1.089501037597656250e+02 5.367950306862759313e-02 -1.633212305623004679e-01 9.851115097276659238e-01 -1.152903556823730469e+01
-1.135668603089392548e-01 9.790193504211111009e-01 1.691853413880624601e-01 2.096230125427246094e+01 -9.920852470666372547e-01 -1.209265635179663789e-01 3.381758105577870044e-02 -1.109140243530273438e+02 5.356706816971414098e-02 -1.640057247072815028e-01 9.850039042922320576e-01 -1.139476108551025391e+01
-1.123617207105770399e-01 9.791429520320692470e-01 1.692746974739074428e-01 2.083269500732421875e+01 -9.922421494117689145e-01 -1.196812830062338184e-01 3.364383195615673616e-02 -1.129072113037109375e+02 5.320113391339152675e-02 -1.641812108126455838e-01 9.849945022011152851e-01 -1.129522514343261719e+01
-1.108104365802530245e-01 9.791963366223551679e-01 1.699870038863371124e-01 2.072728157043457031e+01 -9.924040358298228393e-01 -1.182157577697301454e-01 3.404797033023654329e-02 -1.149012145996093750e+02 5.343479029222363702e-02 -1.649229182384557013e-01 9.848579360629317048e-01 -1.119083595275878906e+01
-1.120173016088888973e-01 9.789268130601537221e-01 1.707466509544306454e-01 2.063706207275390625e+01 -9.922951743872422403e-01 -1.193483752469387538e-01 3.326037001761175671e-02 -1.168877029418945312e+02 5.293780339280961672e-02 -1.657053408849782916e-01 9.847534356244396214e-01 -1.107360076904296875e+01
-1.118808852211692351e-01 9.790235757879108824e-01 1.702806670575989223e-01 2.051236343383789062e+01 -9.923188308892370024e-01 -1.191722540789628138e-01 3.318601694023523563e-02 -1.188792648315429688e+02 5.278262389031068008e-02 -1.652598315053977196e-01 9.848366274190158975e-01 -1.097248077392578125e+01
-1.127386914732465550e-01 9.788673037177701985e-01 1.706129806234073509e-01 2.038621902465820312e+01 -9.922669304914801813e-01 -1.198858542875246291e-01 3.215152554338382429e-02 -1.209204254150390625e+02 5.192616005364319998e-02 -1.656688976665610102e-01 9.848134291570307397e-01 -1.084052658081054688e+01
-1.125932233304602903e-01 9.789042974887353088e-01 1.704967519284254496e-01 2.027289390563964844e+01 -9.922646790060424271e-01 -1.197983106263130759e-01 3.254491616393254128e-02 -1.229052124023437500e+02 5.228358114258308681e-02 -1.655135678099151353e-01 9.848206364682553504e-01 -1.074934387207031250e+01
-1.122977153653144100e-01 9.787658561405508939e-01 1.714835909852169826e-01 2.014641189575195312e+01 -9.923170283697625438e-01 -1.194796148646427580e-01 3.211754721644469179e-02 -1.249068145751953125e+02 5.192435200495772868e-02 -1.665593602450819721e-01 9.846633136172050493e-01 -1.061836242675781250e+01
-1.101199578489346909e-01 9.792834906150290619e-01 1.699336337874098879e-01 2.002697372436523438e+01 -9.925756071613477394e-01 -1.172359807467563408e-01 3.239427243554504621e-02 -1.269229507446289062e+02 5.164551240554186157e-02 -1.651047238185233412e-01 9.849229265385074372e-01 -1.051707267761230469e+01
-1.075680993786483075e-01 9.796514879536049047e-01 1.694463518236766775e-01 1.990239143371582031e+01 -9.929144149905515526e-01 -1.145143448248959750e-01 3.174002730458279353e-02 -1.289375762939453125e+02 5.049820293867973708e-02 -1.648315108819087271e-01 9.850281744804820772e-01 -1.040087890625000000e+01
-1.044275762065468571e-01 9.799543200695147727e-01 1.696596944024142961e-01 1.979211997985839844e+01 -9.931834528563677766e-01 -1.116396711144510556e-01 3.351436715440424263e-02 -1.309652099609375000e+02 5.178330136181811399e-02 -1.650033769671152561e-01 9.849326755111331710e-01 -1.029571056365966797e+01
-1.010205573854285888e-01 9.804865794608668139e-01 1.686443431682979610e-01 1.967975807189941406e+01 -9.935520530226731317e-01 -1.081949126947204798e-01 3.388478716788881351e-02 -1.330395965576171875e+02 5.147003905155526221e-02 -1.641338732989358895e-01 9.850943643712110065e-01 -1.017071628570556641e+01
-9.925647924628377972e-02 9.806193616862177720e-01 1.689195631469216363e-01 1.959148788452148438e+01 -9.938102644579265288e-01 -1.062045728634294361e-01 3.258445888706329452e-02 -1.350710449218750000e+02 4.989298132701870669e-02 -1.646397770558843954e-01 9.850910791522226040e-01 -1.006225204467773438e+01
-9.937696238619786460e-02 9.809359963550087214e-01 1.669993724595940365e-01 1.949153137207031250e+01 -9.938616308852837866e-01 -1.060498147693007542e-01 3.150389565499087108e-02 -1.371163330078125000e+02 4.861355778932213711e-02 -1.628435072159863661e-01 9.854535575848620832e-01 -9.961635589599609375e+00
-1.000921207803333601e-01 9.807695288560830393e-01 1.675490931790210580e-01 1.939151382446289062e+01 -9.938747689620651693e-01 -1.064817238326867255e-01 2.957340207384163977e-02 -1.391879882812500000e+02 4.684560788693879763e-02 -1.635627517408427822e-01 9.854200704596323135e-01 -9.845415115356445312e+00
-9.997596738323866195e-02 9.810523922929599294e-01 1.659548418156154836e-01 1.928147697448730469e+01 -9.939014932174066175e-01 -1.062668096130737760e-01 2.944803821765389074e-02 -1.412378082275390625e+02 4.652555992135163493e-02 -1.619986689788501799e-01 9.856935647162792247e-01 -9.751532554626464844e+00
-1.005222601429611728e-01 9.813087280211797436e-01 1.640989199391809095e-01 1.918025588989257812e+01 -9.939776179746367957e-01 -1.062832656690175792e-01 2.669011810008756203e-02 -1.433034057617187500e+02 4.363221494742675760e-02 -1.604277025584542604e-01 9.860827460566368163e-01 -9.647589683532714844e+00
-1.003794922312168936e-01 9.815358797044280159e-01 1.628228312991077120e-01 1.907235717773437500e+01 -9.940076076476120903e-01 -1.060505975688488256e-01 2.649805075776200114e-02 -1.453802795410156250e+02 4.327624611809474664e-02 -1.591872721298556170e-01 9.862994367400710338e-01 -9.559820175170898438e+00
-1.004361430755090767e-01 9.817532294262838466e-01 1.614719098641564932e-01 1.898236083984375000e+01 -9.940268685683151251e-01 -1.059781981538785445e-01 2.606158246014218804e-02 -1.474441070556640625e+02 4.269854480407277164e-02 -1.578898920992716781e-01 9.865331298261071913e-01 -9.472653388977050781e+00
-1.004365134736582288e-01 9.820599008002484087e-01 1.595959210050870158e-01 1.887397956848144531e+01 -9.940329039559305802e-01 -1.059063525546343199e-01 2.612336772916638850e-02 -1.495132598876953125e+02 4.255693379691986855e-02 -1.560198568413001530e-01 9.868367198564435006e-01 -9.365910530090332031e+00
-9.983830960726702841e-02 9.821879789095928626e-01 1.591825556405365161e-01 1.877765655517578125e+01 -9.940311105668635516e-01 -1.055277984017929382e-01 2.767733711321314349e-02 -1.515951232910156250e+02 4.398253244154302910e-02 -1.554691540144204076e-01 9.868611244699373453e-01 -9.266637802124023438e+00
-9.927654305103117416e-02 9.821755311257056587e-01 1.596101314383751024e-01 1.866917037963867188e+01 -9.940447070933975393e-01 -1.051348191904971641e-01 2.866688147293962319e-02 -1.536969299316406250e+02 4.493649184614708497e-02 -1.558136574621111214e-01 9.867638095556813260e-01 -9.159387588500976562e+00
-9.951777882159040800e-02 9.819644345470205371e-01 1.607546608443051750e-01 1.856632995605468750e+01 -9.940669473371964715e-01 -1.052423797683400553e-01 2.747627544635904140e-02 -1.558034973144531250e+02 4.389892834824917628e-02 -1.570665170730129456e-01 9.866118757162961606e-01 -9.054647445678710938e+00
-9.925248927088214934e-02 9.818657676369270115e-01 1.615195273528294284e-01 1.848909378051757812e+01 -9.941106577106805231e-01 -1.049398451004646127e-01 2.704864389075051223e-02 -1.579172363281250000e+02 4.350797167843582780e-02 -1.578836383322809178e-01 9.864987648990697355e-01 -8.960899353027343750e+00
-9.947142677732201399e-02 9.817100376336687084e-01 1.623294097327539209e-01 1.838514709472656250e+01 -9.940654279410023886e-01 -1.052627940352174329e-01 2.745303561304400508e-02 -1.600282745361328125e+02 4.403816784739719714e-02 -1.586352615316022341e-01 9.863546489835411935e-01 -8.850369453430175781e+00
-9.952839428490933837e-02 9.816026372536261757e-01 1.629428159441034529e-01 1.827230453491210938e+01 -9.940665784896167700e-01 -1.053113123817742691e-01 2.722434598618063417e-02 -1.621544189453125000e+02 4.388321160779548591e-02 -1.592664120935569083e-01 9.862598408724907451e-01 -8.747728347778320312e+00
-1.005216190460711534e-01 9.812520098139820846e-01 1.644381261763145918e-01 1.818362236022949219e+01 -9.939866662026550781e-01 -1.062586723241236708e-01 2.644998992904251667e-02 -1.642924041748046875e+02 4.342708274439445459e-02 -1.607905090231868117e-01 9.860327077193615786e-01 -8.648012161254882812e+00
-9.988388967172801003e-02 9.812908029705453838e-01 1.645951657536403601e-01 1.808160400390625000e+01 -9.940916333341744959e-01 -1.054813359498659731e-01 2.560297446049421277e-02 -1.664474029541015625e+02 4.248568134135634333e-02 -1.610653524866654807e-01 9.860288632232360184e-01 -8.535176277160644531e+00
-1.005909218094156454e-01 9.810379586160288268e-01 1.656683138201962002e-01 1.797307586669921875e+01 -9.940433829447766767e-01 -1.061180861421165966e-01 2.483353815384391206e-02 -1.685881500244140625e+02 4.194304797265108881e-02 -1.621834626219002540e-01 9.858688072856015561e-01 -8.437702178955078125e+00
-1.001810333495637417e-01 9.807744544968038936e-01 1.674671011378379148e-01 1.790363693237304688e+01 -9.941026822299611210e-01 -1.056889205053560543e-01 2.428393019282561183e-02 -1.707528991699218750e+02 4.151647552732630475e-02 -1.640467052058948716e-01 9.855785411477255842e-01 -8.343579292297363281e+00
-9.987320710435876325e-02 9.805220747513964108e-01 1.691206771152105603e-01 1.779948043823242188e+01 -9.941461527311091784e-01 -1.053762211807773852e-01 2.385956872188617350e-02 -1.729343414306640625e+02 4.121613170379256896e-02 -1.657477388529851048e-01 9.853065094438878679e-01 -8.252506256103515625e+00
-9.961614371446148031e-02 9.803107100922281436e-01 1.704920396673417771e-01 1.769503784179687500e+01 -9.942029182821086053e-01 -1.050293710640728406e-01 2.300844395484870353e-02 -1.751208496093750000e+02 4.046209572918690878e-02 -1.672116709214879204e-01 9.850903897190582681e-01 -8.148057937622070312e+00
-9.923325582519726407e-02 9.799970278696849002e-01 1.725067717653869515e-01 1.758964729309082031e+01 -9.942225438670903026e-01 -1.047768671587849809e-01 2.330968414291263724e-02 -1.772950897216796875e+02 4.091814028988827179e-02 -1.691970256091243630e-01 9.847324876941160321e-01 -8.040374755859375000e+00
-9.881610682986519123e-02 9.796279209967272417e-01 1.748270958250432994e-01 1.746769714355468750e+01 -9.942850950736977778e-01 -1.043323716813758795e-01 2.262533830967131121e-02 -1.794931945800781250e+02 4.040453867174481628e-02 -1.715922277463913237e-01 9.843391593509597248e-01 -7.923745632171630859e+00
-9.808327097161306796e-02 9.794485455231517479e-01 1.762390950614853291e-01 1.737806320190429688e+01 -9.944212640209560972e-01 -1.033653884117857746e-01 2.102251510747477070e-02 -1.816889648437500000e+02 3.880749435962672911e-02 -1.731939466351604395e-01 9.841228760832991806e-01 -7.820570945739746094e+00
-9.746443427762419009e-02 9.791835179371698450e-01 1.780458431166847544e-01 1.728711509704589844e+01 -9.945112463049526896e-01 -1.026622247255264408e-01 2.019526150797909536e-02 -1.838493347167968750e+02 3.805344956653496091e-02 -1.751002735994263149e-01 9.838149364395182284e-01 -7.747667789459228516e+00
-9.638920805192530139e-02 9.791481004193777204e-01 1.788242657366372890e-01 1.718758201599121094e+01 -9.946333825732115441e-01 -1.015395081550590772e-01 1.985352751026073226e-02 -1.859517974853515625e+02 3.759727173738335038e-02 -1.759509185220511918e-01 9.836806999373078897e-01 -7.636407375335693359e+00
-9.559011935307926144e-02 9.789423026109055348e-01 1.803732165287372236e-01 1.709825515747070312e+01 -9.947377111915237657e-01 -1.006549174190537466e-01 1.911736207777238461e-02 -1.881098480224609375e+02 3.687024566657003122e-02 -1.775966096473188816e-01 9.834124410572934183e-01 -7.533660888671875000e+00
-9.536777577616972756e-02 9.787823730375623255e-01 1.813561511900403656e-01 1.704613494873046875e+01 -9.947565559569518934e-01 -1.004674548081655461e-01 1.912288955762424247e-02 -1.902327117919921875e+02 3.693753814441486094e-02 -1.785815129158888070e-01 9.832315401371652941e-01 -7.445058822631835938e+00
-9.402556134773731866e-02 9.785661418366086162e-01 1.832143549623161671e-01 1.697291946411132812e+01 -9.949147959916190276e-01 -9.903326331667117177e-02 1.835651039294451670e-02 -1.923397216796875000e+02 3.610737501118441162e-02 -1.805566913959866793e-01 9.829015915451231322e-01 -7.364440441131591797e+00
-9.376525380045519498e-02 9.781166132104465172e-01 1.857309024946078302e-01 1.688384628295898438e+01 -9.949358683925418889e-01 -9.884202819350196290e-02 1.824475948247195056e-02 -1.944738159179687500e+02 3.620352145461125382e-02 -1.830796122574009366e-01 9.824312498134234461e-01 -7.263431549072265625e+00
-9.248172856830305655e-02 9.776479988263556686e-01 1.888161017282190546e-01 1.682822227478027344e+01 -9.950738406169860051e-01 -9.754604238810127281e-02 1.768675589757724709e-02 -1.965798492431640625e+02 3.570968497173350464e-02 -1.862502617588528420e-01 9.818531755787004434e-01 -7.176510810852050781e+00
-9.279426744078367317e-02 9.772569969778618360e-01 1.906777013390390796e-01 1.677816963195800781e+01 -9.950842417428030773e-01 -9.767496293462585299e-02 1.633871019603866381e-02 -1.987148742675781250e+02 3.459155627142260214e-02 -1.882242372106496808e-01 9.815167144583886172e-01 -7.098444938659667969e+00
-9.025304263100286661e-02 9.773036218223118965e-01 1.916559914764947026e-01 1.672089958190917969e+01 -9.953217444653068569e-01 -9.517594364714498933e-02 1.661820524045699854e-02 -2.007984161376953125e+02 3.448207201408967637e-02 -1.892595321875949477e-01 9.813214642438775615e-01 -7.023827552795410156e+00
-8.765836190373699210e-02 9.770720585729353314e-01 1.940262970434688539e-01 1.665165519714355469e+01 -9.956453022360227667e-01 -9.213894392573374059e-02 1.417205516464600801e-02 -2.029517059326171875e+02 3.172449721733577865e-02 -1.919390720210385759e-01 9.808939539562927523e-01 -6.931751728057861328e+00
-8.503158961943380056e-02 9.767488185785369037e-01 1.968028815140281940e-01 1.658916282653808594e+01 -9.959279886276000138e-01 -8.925612960889361958e-02 1.268009445639912969e-02 -2.050377655029296875e+02 2.995113077957194114e-02 -1.949232893542298117e-01 9.803610768652293306e-01 -6.855784416198730469e+00
-8.151587383548974941e-02 9.766200941903471211e-01 1.989179578028943407e-01 1.657903480529785156e+01 -9.962596879148708506e-01 -8.558334131417333346e-02 1.192165782372137106e-02 -2.071099243164062500e+02 2.866699406287129270e-02 -1.972021382063066097e-01 9.799436311024527502e-01 -6.790088176727294922e+00
-7.861552051934916907e-02 9.766542819929889818e-01 1.999150154396398260e-01 1.650057601928710938e+01 -9.964694240239601042e-01 -8.291237563781872488e-02 1.319942996689955905e-02 -2.091745758056640625e+02 2.946670865281073026e-02 -1.981715202314724422e-01 9.797243294163503480e-01 -6.714890003204345703e+00
-7.591850280836343057e-02 9.771771107073708995e-01 1.983967621735087117e-01 1.644488906860351562e+01 -9.967209107699993575e-01 -7.995783319671267986e-02 1.241655927824332484e-02 -2.112112579345703125e+02 2.799655273707783720e-02 -1.968035548969629955e-01 9.800431387519419335e-01 -6.627557754516601562e+00
-7.242480979530896423e-02 9.779417080189747313e-01 1.959200414532510925e-01 1.638452720642089844e+01 -9.969878122308801771e-01 -7.645129240129799886e-02 1.305764730930361606e-02 -2.132707977294921875e+02 2.774795828878670600e-02 -1.943841958779096435e-01 9.805329342779376400e-01 -6.582680225372314453e+00
-6.825366441565738906e-02 9.783665650372344036e-01 1.952954216336819648e-01 1.636009407043457031e+01 -9.972583344810839190e-01 -7.251486766484105395e-02 1.474477112623803765e-02 -2.153408355712890625e+02 2.858761273435349304e-02 -1.937536022498508037e-01 9.806336166037533664e-01 -6.502041816711425781e+00
-6.502458945147493452e-02 9.786192402925757428e-01 1.951312002111636468e-01 1.633472633361816406e+01 -9.974760063021026468e-01 -6.933209326943579054e-02 1.531919366305022068e-02 -2.173164825439453125e+02 2.852051223724637319e-02 -1.936425660129000303e-01 9.806575023980924621e-01 -6.436027526855468750e+00
