1 -8.77187e-15 -2.24507e-14 7.9235e-16 8.77187e-15 1 -1.49189e-15 2.50161e-16 2.24507e-14 1.49189e-15 1 2.17288e-16
0.999996 0.00265121 0.0011034 -0.0130597 -0.00265059 0.999996 -0.000563781 -0.00315595 -0.0011049 0.000560854 0.999999 0.0116369
0.999999 0.0013957 0.000757277 -0.0428844 -0.00139517 0.999999 -0.000700294 0.0151377 -0.000758253 0.000699236 0.999999 0.0157904
0.999995 0.00294977 0.00109933 -0.0615896 -0.00294781 0.999994 -0.00177973 0.0206423 -0.00110458 0.00177648 0.999998 0.0236751
0.999998 0.00188164 0.000254072 -0.0741661 -0.00188141 0.999998 -0.000908969 0.0175204 -0.000255782 0.000908489 1 0.0266548
0.999998 0.00170813 -0.000515714 -0.0621579 -0.0017087 0.999998 -0.00110669 0.0266692 0.000513823 0.00110757 0.999999 0.0246228
0.999999 0.00111857 0.000307249 -0.0544689 -0.00111832 0.999999 -0.000817043 0.03078 -0.000308163 0.000816699 1 0.0270872
0.999999 0.00152905 0.000384872 -0.0673003 -0.00152873 0.999999 -0.000819983 0.0263615 -0.000386125 0.000819394 1 0.0267743
0.999999 0.0013332 -0.000841607 -0.102666 -0.00133409 0.999999 -0.00104889 0.0255375 0.000840208 0.00105001 0.999999 0.0312049
0.999999 0.000835827 -0.000746865 -0.0922209 -0.000835596 1 0.000309223 0.0225868 0.000747123 -0.000308599 1 0.0296885
0.999998 0.00182831 -0.00103962 -0.0807402 -0.00182834 0.999998 -3.0444e-05 0.00829645 0.00103956 3.23447e-05 0.999999 0.0299044
1 -5.14645e-05 -0.000463269 -0.0955151 5.15865e-05 1 0.000263266 0.0111262 0.000463255 -0.00026329 1 0.0313934
0.999997 0.00205857 -0.00150454 -0.10144 -0.00205892 0.999998 -0.00023124 0.0057974 0.00150406 0.000234337 0.999999 0.0209562
0.999999 0.000961885 -0.000667815 -0.115526 -0.000961402 0.999999 0.000722823 -0.0104801 0.00066851 -0.00072218 1 0.0322819
0.999998 0.00148315 -0.0012052 -0.113714 -0.00148216 0.999999 0.000822221 -0.00544424 0.00120642 -0.000820433 0.999999 0.0300647
0.999997 0.00213893 -0.00119168 -0.103752 -0.00213846 0.999998 0.000398329 -0.00690371 0.00119253 -0.000395779 0.999999 0.0306462
0.999998 0.00178422 -0.000567404 -0.100431 -0.00178318 0.999997 0.00182152 -0.0037336 0.000570652 -0.0018205 0.999998 0.026993
0.999993 0.00306745 -0.00192107 -0.15438 -0.00306536 0.999995 0.00108621 -0.0321206 0.00192439 -0.00108032 0.999998 0.0356243
0.999995 0.00261534 -0.0019104 -0.115563 -0.00261336 0.999996 0.0010413 -0.01704 0.00191312 -0.0010363 0.999998 0.0420325
0.999991 0.0034802 -0.00249182 -0.0697724 -0.00348125 0.999994 -0.000415575 -0.000118381 0.00249036 0.000424246 0.999997 0.0323044
0.999994 0.00298774 -0.00194902 -0.0876253 -0.00298957 0.999995 -0.000936285 -0.00410605 0.00194621 0.000942106 0.999998 0.0302405
0.999993 0.0030835 -0.00206516 -0.104982 -0.00308422 0.999995 -0.000345986 0.00325473 0.00206409 0.000352353 0.999998 0.0368761
0.999994 0.00283457 -0.00220663 -0.115226 -0.00283389 0.999996 0.000308556 0.00133244 0.00220749 -0.000302301 0.999997 0.0397069
0.999996 0.00201485 -0.00182017 -0.096847 -0.002017 0.999997 -0.00117893 -0.00121171 0.00181779 0.0011826 0.999998 0.030914
0.999994 0.00256309 -0.0022647 -0.116043 -0.00256445 0.999997 -0.00059762 -0.000266646 0.00226316 0.000603425 0.999997 0.0354425
0.999991 0.00357609 -0.00208933 -0.106522 -0.00357744 0.999993 -0.000645246 -0.000539037 0.00208701 0.000652715 0.999998 0.0310624
0.999994 0.0026509 -0.00200889 -0.125719 -0.00265222 0.999996 -0.000652848 -0.0152216 0.00200715 0.000658172 0.999998 0.0333998
0.999995 0.00283365 -0.00124649 -0.131827 -0.00283343 0.999996 0.000175382 -0.010294 0.00124698 -0.00017185 0.999999 0.0434642
0.999993 0.00324967 -0.00166823 -0.0999229 -0.00325241 0.999993 -0.00164379 -0.00818283 0.00166287 0.00164921 0.999997 0.0262699
0.999992 0.00381246 -0.00120833 -0.123481 -0.00381216 0.999993 0.00024882 -0.0153878 0.00120927 -0.000244212 0.999999 0.0336703
0.999992 0.00354339 -0.00168743 -0.148183 -0.00354386 0.999994 -0.000278136 -0.0364774 0.00168644 0.000284114 0.999999 0.0362484
0.999991 0.00358243 -0.00245674 -0.15795 -0.00358386 0.999993 -0.000577764 -0.0278996 0.00245465 0.000586564 0.999997 0.0453679
0.999994 0.00330909 -0.000770409 -0.115148 -0.0033096 0.999994 -0.000663602 -0.0181889 0.000768209 0.000666148 0.999999 0.0455564
0.99999 0.00414493 -0.00161315 -0.1312 -0.00414635 0.999991 -0.00087787 -0.0142013 0.0016095 0.00088455 0.999998 0.03921
0.999992 0.00354854 -0.0018752 -0.112757 -0.00355124 0.999993 -0.00144118 -0.0156948 0.00187007 0.00144783 0.999997 0.0354248
0.999991 0.00426579 -0.000415199 -0.13155 -0.0042658 0.999991 -1.80351e-05 -0.0261773 0.000415118 1.9806e-05 1 0.0482599
0.999992 0.00379293 -0.000857499 -0.151118 -0.00379338 0.999993 -0.000528048 -0.0203578 0.00085549 0.000531297 0.999999 0.029146
0.999992 0.00372008 -0.00155312 -0.196467 -0.00371951 0.999993 0.00036517 -0.0341068 0.00155447 -0.00035939 0.999999 0.0393142
0.99999 0.00404688 -0.00174573 -0.193319 -0.00404633 0.999992 0.000315853 -0.0213233 0.00174699 -0.000308786 0.999998 0.0474775
0.999989 0.00429393 -0.00209594 -0.164061 -0.0042934 0.999991 0.000258177 -0.0212196 0.00209703 -0.000249176 0.999998 0.042792
0.99999 0.00416313 -0.00151656 -0.151557 -0.0041621 0.999991 0.000685847 -0.0466066 0.0015194 -0.000679528 0.999999 0.0394245
0.999981 0.00604789 -0.00144149 -0.159433 -0.00604736 0.999982 0.000377893 -0.0534827 0.00144375 -0.000369168 0.999999 0.0522051
0.999984 0.00524912 -0.00221333 -0.10402 -0.00524938 0.999986 -0.00011418 -0.0368778 0.0022127 0.000125797 0.999998 0.0331932
0.999985 0.00519702 -0.00152017 -0.158562 -0.00519513 0.999986 0.00124217 -0.0786153 0.0015266 -0.00123425 0.999998 0.0640516
0.99998 0.00610074 -0.00153517 -0.106634 -0.00610036 0.999981 0.000249081 -0.0707906 0.00153667 -0.000239711 0.999999 0.0523009
0.999987 0.00476881 -0.00161206 -0.156304 -0.00476609 0.999987 0.00168494 -0.08007 0.00162008 -0.00167724 0.999997 0.0708241
0.999986 0.00479891 -0.00207791 -0.0955521 -0.00479847 0.999988 0.000213238 -0.0526096 0.00207891 -0.000203264 0.999998 0.041087
0.999981 0.00582567 -0.00195086 -0.126113 -0.00582242 0.999982 0.00166418 -0.0560296 0.00196052 -0.00165279 0.999997 0.0553307
0.999986 0.00490344 -0.00210325 -0.0885552 -0.00490261 0.999988 0.000395418 -0.0304394 0.00210516 -0.000385101 0.999998 0.0278123
0.999986 0.00483069 -0.002295 -0.109399 -0.00482939 0.999988 0.000574294 -0.0369255 0.00229774 -0.000563202 0.999997 0.0450542
0.999993 0.00317975 -0.00193727 -0.085346 -0.00318028 0.999995 -0.000271068 -0.0163042 0.00193639 0.000277227 0.999998 0.023016
0.999989 0.00431614 -0.00175923 -0.109717 -0.00431574 0.999991 0.000227541 -0.0160694 0.00176019 -0.000219947 0.999998 0.0310206
0.999993 0.00315219 -0.00208537 -0.0938315 -0.00315064 0.999995 0.000746346 -0.0105933 0.00208771 -0.000739771 0.999998 0.0330613
0.999993 0.00322836 -0.00193347 -0.0559696 -0.00322945 0.999995 -0.000562524 -0.0144151 0.00193164 0.000568765 0.999998 0.011249
0.999995 0.00285538 -0.000947277 -0.103993 -0.00285374 0.999994 0.00172326 -0.0351098 0.000952192 -0.00172055 0.999998 0.0293005
0.999988 0.00445925 -0.00214519 -0.0874736 -0.00446226 0.999989 -0.00140034 -0.0298687 0.00213892 0.0014099 0.999997 0.0141409
0.999996 0.00256406 -0.00141045 -0.0910238 -0.00256325 0.999997 0.000577503 -0.00742927 0.00141193 -0.000573885 0.999999 0.0250633
0.999995 0.00261156 -0.00152281 -0.0701002 -0.00261255 0.999996 -0.00065197 -0.00882243 0.00152111 0.000655945 0.999999 0.0074794
0.999994 0.00294962 -0.00189073 -0.0951088 -0.00294957 0.999996 2.81097e-05 -0.0179137 0.00189081 -2.25327e-05 0.999998 0.0263045
0.999997 0.00189963 -0.00118454 -0.0666457 -0.00189992 0.999998 -0.000241946 0.00832522 0.00118408 0.000244196 0.999999 0.0106189
0.999996 0.00227037 -0.00195512 -0.0824487 -0.00227035 0.999997 1.55496e-05 -0.00779025 0.00195515 -1.11107e-05 0.999998 0.0166182
0.999994 0.00325421 -0.00137942 -0.0616323 -0.00325485 0.999995 -0.00046218 -0.0125901 0.00137791 0.000466667 0.999999 0.0139684
0.999996 0.00182759 -0.00199461 -0.0857647 -0.00182687 0.999998 0.000361154 -0.0157212 0.00199526 -0.000357508 0.999998 0.0206895
0.999996 0.00255773 -0.000942363 -0.0452258 -0.00255853 0.999996 -0.000857104 -0.011081 0.000940167 0.000859511 0.999999 0.00993
0.999995 0.00278039 -0.00164777 -0.072868 -0.00278034 0.999996 2.88594e-05 -0.00928467 0.00164785 -2.42779e-05 0.999999 0.0164733
0.999998 0.00148703 -0.00151259 -0.06849 -0.00148688 0.999999 0.000102468 -0.00327898 0.00151274 -0.000100219 0.999999 0.0173276
0.999997 0.00174384 -0.00158975 -0.0656809 -0.00174402 0.999998 -0.000117049 -0.00800346 0.00158955 0.000119822 0.999999 0.0120769
0.999997 0.00189355 -0.00164545 -0.0582089 -0.00189391 0.999998 -0.000216344 -0.00975902 0.00164504 0.000219459 0.999999 0.0140661
0.999993 0.00301433 -0.00199381 -0.0631179 -0.00301678 0.999995 -0.00122987 -0.0157283 0.00199009 0.00123588 0.999997 0.0134013
0.999993 0.00244777 -0.00270654 -0.0845529 -0.00245044 0.999996 -0.000984628 -0.00762374 0.00270412 0.000991254 0.999996 0.0193944
0.999995 0.00228161 -0.00221127 -0.0459967 -0.00228609 0.999995 -0.00202559 0.0103058 0.00220664 0.00203064 0.999996 0.000352979
0.999998 0.00155356 -0.00125266 -0.075805 -0.00155467 0.999998 -0.000890591 -0.00394503 0.00125128 0.000892537 0.999999 0.00857629
0.999997 0.00206525 -0.001542 -0.0864788 -0.0020655 0.999998 -0.000160609 -0.0122791 0.00154166 0.000163794 0.999999 0.017526
0.999998 0.0011839 -0.00167198 -0.052805 -0.00118557 0.999999 -0.0010021 -0.0119644 0.00167079 0.00100408 0.999998 -0.000522097
0.999999 0.000513607 -0.00129068 -0.0742047 -0.000514399 1 -0.000613006 -0.0264273 0.00129037 0.000613669 0.999999 0.0169663
0.999998 0.00123447 -0.00131904 -0.0655332 -0.00123518 0.999999 -0.000536933 -0.0117466 0.00131837 0.000538561 0.999999 0.008107
0.999996 0.0013317 -0.00232891 -0.0606861 -0.00133277 0.999999 -0.000458868 -0.00715387 0.0023283 0.00046197 0.999997 0.00944478
0.999999 6.30378e-05 -0.00146864 -0.0503595 -6.37425e-05 1 -0.000479822 -0.0158548 0.00146861 0.000479915 0.999999 0.00611543
0.999997 0.00138784 -0.00195199 -0.0516176 -0.00138884 0.999999 -0.000507495 -0.0122633 0.00195129 0.000510205 0.999998 0.003895
1 0.000138908 -0.000924976 -0.059418 -0.000138462 1 0.000481322 -0.00984555 0.000925042 -0.000481194 0.999999 0.00871272
0.999997 9.49429e-05 -0.00226335 -0.0370554 -9.47106e-05 1 0.000102717 -0.00124422 0.00226336 -0.000102502 0.999997 0.0110027
0.999999 -0.000801841 -0.00140154 -0.0124749 0.00079971 0.999999 -0.00151973 0.0144006 0.00140276 0.00151861 0.999998 0.00488506
0.999999 0.000757286 -0.00104185 -0.0314511 -0.000756281 0.999999 0.000964083 0.0138053 0.00104258 -0.000963294 0.999999 -0.0190172
0.999998 3.64855e-05 -0.00183574 -0.0530798 -3.52942e-05 1 0.000648954 -0.00977498 0.00183577 -0.000648888 0.999998 0.00504396
0.999999 8.42304e-05 -0.00106699 -0.0378981 -8.43578e-05 1 -0.000119353 -0.0213495 0.00106698 0.000119443 0.999999 0.00308472
0.999998 0.000618816 -0.00189483 -0.0536591 -0.000619 1 -9.65354e-05 -0.0261921 0.00189477 9.77081e-05 0.999998 0.0116382
0.999998 0.000157617 -0.00199262 -0.0277973 -0.000156546 1 0.000537632 -0.0341281 0.0019927 -0.000537319 0.999998 0.00190171
0.999997 0.00158156 -0.00185277 -0.0255128 -0.00158105 0.999999 0.000276481 -0.0590159 0.0018532 -0.000273551 0.999998 0.00550501
0.999998 0.00114917 -0.00179191 -0.0493118 -0.00114778 0.999999 0.000774137 -0.0857622 0.0017928 -0.000772079 0.999998 0.0166228
0.999999 0.000496459 -0.00132738 -0.0610926 -0.000495298 1 0.000874807 -0.104944 0.00132781 -0.000874148 0.999999 0.0221622
0.999997 0.00235695 -0.00105748 -0.0338887 -0.00235855 0.999996 -0.00151402 -0.112158 0.00105391 0.00151651 0.999998 0.0165693
1 0.000432726 -0.000573137 -0.0413002 -0.000433211 1 -0.00084694 -0.0961993 0.00057277 0.000847188 0.999999 0.0428492
0.999991 0.00374289 -0.00207602 -0.013847 -0.00374596 0.999992 -0.00147333 -0.0700497 0.00207049 0.00148109 0.999997 0.028027
0.999998 0.00156069 -0.00128553 -0.0146216 -0.00156163 0.999999 -0.000729122 -0.0640815 0.00128439 0.000731128 0.999999 0.0280743
0.999996 0.00262113 -0.00126623 -0.0210963 -0.00262169 0.999996 -0.0004351 -0.0852631 0.00126508 0.000438418 0.999999 0.0336115
0.999999 0.00136937 -0.000847506 -0.032121 -0.00136963 0.999999 -0.00029931 -0.0903238 0.000847096 0.000300471 1 0.0450948
0.999994 0.00340685 -0.00104272 -0.00555484 -0.00340849 0.999993 -0.00157976 -0.0645479 0.00103733 0.0015833 0.999998 0.0317217
0.999997 0.00166733 -0.00169784 -0.0481647 -0.00166949 0.999998 -0.00127087 -0.0607126 0.00169572 0.0012737 0.999998 0.0300297
0.999996 0.00230275 -0.00165289 -0.0372252 -0.00230398 0.999997 -0.000742926 -0.0633274 0.00165117 0.000746731 0.999998 0.0363852
0.999997 0.00187029 -0.0018348 -0.0318571 -0.00186986 0.999998 0.000232091 -0.059855 0.00183524 -0.00022866 0.999998 0.0363184
0.999985 0.00514511 -0.00189229 -0.0011323 -0.00514642 0.999987 -0.000685709 -0.0829047 0.00188873 0.000695437 0.999998 0.0389594
0.999991 0.00367835 -0.00215671 0.0102845 -0.0036815 0.999992 -0.00146086 -0.0638305 0.00215132 0.00146878 0.999997 0.030532
0.999994 0.0029538 -0.00202266 -0.00509916 -0.00295396 0.999996 -7.71121e-05 -0.0549004 0.00202242 8.30865e-05 0.999998 0.0311585
0.999995 0.00314433 -0.000898311 -0.00650078 -0.00314465 0.999995 -0.000363198 -0.0660762 0.000897165 0.000366021 1 0.0340116
0.999996 0.00281701 -0.000824488 -0.0247735 -0.00281662 0.999996 0.000479771 -0.0549552 0.000825836 -0.000477447 1 0.0453074
0.999996 0.00265413 -0.000451731 -0.0236132 -0.00265456 0.999996 -0.000956745 -0.0252489 0.00044919 0.000957941 0.999999 0.0399588
0.999999 0.000722523 -0.0010697 -0.0279638 -0.000722923 1 -0.000373608 -0.0193664 0.00106943 0.000374381 0.999999 0.0471894
0.999997 0.002407 -0.000950597 -0.018474 -0.00240728 0.999997 -0.000293384 -0.0199917 0.000949888 0.000295671 1 0.0363007
0.999997 0.00181646 -0.00143121 -0.0460761 -0.00181574 0.999998 0.000502895 -0.0316071 0.00143212 -0.000500295 0.999999 0.0495081
0.999992 0.00383609 -0.000970136 -0.0384047 -0.00383617 0.999993 -8.18384e-05 -0.0392965 0.000969815 8.55593e-05 1 0.051626
0.999997 0.00255789 -8.93574e-05 -0.0106562 -0.00255794 0.999997 -0.000481062 -0.0243005 8.81266e-05 0.000481289 1 0.0449284
0.999998 0.00154645 -0.000939597 -0.0499044 -0.00154649 0.999999 -4.8993e-05 -0.0188572 0.00093952 5.0446e-05 1 0.0480997
0.999999 0.000976391 -0.00138501 -0.0318274 -0.000975783 0.999999 0.000439821 -0.0214026 0.00138544 -0.000438469 0.999999 0.0520676
0.999999 1.03412e-05 0.00110332 -0.00299345 -1.14108e-05 1 0.00096942 -0.0121646 -0.00110331 -0.000969432 0.999999 0.0525906
0.999997 0.00241024 -0.000381731 -0.0299194 -0.00241014 0.999997 0.000253854 -0.0101727 0.000382341 -0.000252934 1 0.0503781
0.999997 0.00231898 -0.000916165 -0.0270765 -0.00231852 0.999997 0.000498668 -0.00517979 0.000917319 -0.000496542 0.999999 0.0535158
0.999997 0.00208339 -0.00146918 -0.0312857 -0.00208369 0.999998 -0.000200753 -0.0149415 0.00146876 0.000203814 0.999999 0.0515807
0.999989 0.00452082 -0.00101166 -0.0176295 -0.00452193 0.999989 -0.00109995 -0.0310005 0.00100668 0.00110451 0.999999 0.0477141
0.999998 0.0013218 -0.00168976 -0.0679753 -0.00132212 0.999999 -0.000185531 -0.0238034 0.00168951 0.000187765 0.999999 0.0530579
0.999992 0.00336389 -0.00192008 -0.0496854 -0.00336483 0.999994 -0.000485038 -0.0272376 0.00191843 0.000491495 0.999998 0.0566776
0.999993 0.00297495 -0.00212764 -0.0671236 -0.00297377 0.999995 0.000553845 -0.0084538 0.00212928 -0.000547514 0.999998 0.0444456
0.999995 0.00238114 -0.00196899 -0.0974664 -0.00237889 0.999997 0.00114614 -0.0413272 0.00197171 -0.00114145 0.999997 0.0570395
0.999992 0.00324635 -0.00250848 -0.0764862 -0.00324736 0.999995 -0.000400133 -0.0333671 0.00250717 0.000408276 0.999997 0.0500327
0.999993 0.00251582 -0.00262281 -0.0905412 -0.00251611 0.999997 -0.000109196 -0.0423146 0.00262253 0.000115795 0.999997 0.0727957
0.999982 0.00549188 -0.00230841 -0.0657331 -0.00549609 0.999983 -0.00182006 -0.0296483 0.00229837 0.00183271 0.999996 0.0609777
0.999994 0.00259003 -0.00237601 -0.0642817 -0.00259308 0.999996 -0.00127764 -0.0196426 0.00237269 0.00128379 0.999996 0.0572716
0.999992 0.00366964 -0.00176775 -0.0727661 -0.00367091 0.999993 -0.00071334 -0.0303121 0.00176512 0.000719823 0.999998 0.0522626
0.999993 0.00238057 -0.0027595 -0.0718855 -0.00238217 0.999997 -0.000574327 -0.0321419 0.00275812 0.000580897 0.999996 0.0513647
0.999989 0.00445796 -0.00122375 -0.0428849 -0.00445947 0.999989 -0.00124068 -0.0396206 0.0012182 0.00124612 0.999999 0.0404355
0.999996 0.0020014 -0.00210657 -0.103785 -0.002002 0.999998 -0.00027961 -0.0330242 0.00210601 0.000283827 0.999998 0.0553964
0.999991 0.00380478 -0.00192637 -0.0798677 -0.00380632 0.999992 -0.00079592 -0.0337064 0.00192333 0.000803245 0.999998 0.0575612
0.999996 0.00221095 -0.00165192 -0.0716056 -0.00221151 0.999997 -0.000332061 -0.0225448 0.00165119 0.000335713 0.999999 0.055457
0.999993 0.00323564 -0.00174677 -0.0505177 -0.00323741 0.999994 -0.00101675 -0.0213427 0.00174347 0.0010224 0.999998 0.0432041
0.999996 0.00175075 -0.00201634 -0.0742682 -0.00175336 0.999998 -0.00129406 -0.0203034 0.00201407 0.00129759 0.999997 0.0469258
0.999994 0.00314972 -0.00126378 -0.0485495 -0.00315027 0.999995 -0.000427024 -0.0239471 0.00126243 0.000431003 0.999999 0.0413868
0.999995 0.00237354 -0.00231903 -0.0841446 -0.00237512 0.999997 -0.000678569 -0.023221 0.00231741 0.000684073 0.999997 0.047883
0.999991 0.00351002 -0.00227196 -0.053404 -0.00351216 0.999993 -0.000938664 -0.0211627 0.00226865 0.000946636 0.999997 0.0311349
0.999992 0.00382085 -0.00105832 -0.0802885 -0.00382151 0.999992 -0.000615205 -0.043601 0.00105596 0.000619245 0.999999 0.0555313
0.999992 0.00356845 -0.00152333 -0.0519674 -0.00356969 0.999993 -0.000813362 -0.0181724 0.00152042 0.000818794 0.999999 0.0408504
0.999994 0.00308438 -0.00165438 -0.0685366 -0.00308421 0.999995 0.000103907 -0.0368278 0.00165469 -9.88036e-05 0.999999 0.0470651
0.999994 0.00288987 -0.00175757 -0.0723147 -0.00289042 0.999996 -0.000311851 -0.0403886 0.00175666 0.000316929 0.999998 0.046492
0.999992 0.00348052 -0.00178223 -0.0679608 -0.00348252 0.999993 -0.00112058 -0.0262552 0.00177832 0.00112678 0.999998 0.0473199
0.999995 0.00308838 -0.0011584 -0.0478013 -0.00308866 0.999995 -0.000238025 -0.0194454 0.00115766 0.000241602 0.999999 0.0389337
0.999991 0.00353002 -0.00233084 -0.0707557 -0.00353253 0.999993 -0.00107361 -0.0333654 0.00232703 0.00108184 0.999997 0.0367489
0.999991 0.00381772 -0.00175877 -0.0658077 -0.0038184 0.999993 -0.000379279 -0.0363537 0.00175731 0.000385991 0.999998 0.0546285
0.999995 0.00263454 -0.00161348 -0.0623013 -0.00263581 0.999996 -0.000790232 -0.0251074 0.00161139 0.000794481 0.999998 0.0442136
0.999991 0.00380468 -0.00166491 -0.0646426 -0.00380538 0.999993 -0.000420214 -0.0256767 0.0016633 0.000426546 0.999999 0.0412314
0.999992 0.00332971 -0.00197343 -0.0778494 -0.00333117 0.999994 -0.000739515 -0.038513 0.00197096 0.000746083 0.999998 0.0418015
0.999995 0.0029733 -0.0013668 -0.0761895 -0.00297368 0.999996 -0.000275023 -0.0323525 0.00136598 0.000279086 0.999999 0.0436112
0.999988 0.00435228 -0.0021629 -0.090243 -0.00435394 0.99999 -0.000764035 -0.0503424 0.00215956 0.000773443 0.999997 0.0412928
0.999993 0.00314951 -0.00211461 -0.104755 -0.00315104 0.999995 -0.000722297 -0.0445691 0.00211232 0.000728955 0.999997 0.044169
0.999985 0.00539948 -0.000604185 -0.0997219 -0.00539885 0.999985 0.00103959 -0.0778636 0.000609789 -0.00103631 0.999999 0.0729997
0.999994 0.00310538 -0.00130973 -0.0964229 -0.003105 0.999995 0.000295633 -0.0473953 0.00131064 -0.000291565 0.999999 0.055755
0.999991 0.00393389 -0.00144456 -0.0933956 -0.00393362 0.999992 0.000189249 -0.0468267 0.00144529 -0.000183565 0.999999 0.0482247
0.999988 0.0047113 -0.00107834 -0.108676 -0.0047108 0.999989 0.000458367 -0.0489856 0.00108049 -0.000453282 0.999999 0.0523757
0.999988 0.00460652 -0.00139966 -0.08345 -0.00460691 0.999989 -0.000272449 -0.0428928 0.00139839 0.000278894 0.999999 0.0382585
0.999987 0.00500194 -0.000843691 -0.107544 -0.00500131 0.999987 0.000737683 -0.0510424 0.00084737 -0.000733453 0.999999 0.0477372
0.999988 0.00461708 -0.00163494 -0.0859251 -0.00461874 0.999989 -0.00101457 -0.0514329 0.00163023 0.00102211 0.999998 0.0414054
0.999976 0.0068257 -0.00154467 -0.102399 -0.00682547 0.999977 0.000153244 -0.0758442 0.00154568 -0.000142697 0.999999 0.0739211
0.999986 0.00519639 -1.61436e-05 -0.0783548 -0.0051964 0.999986 -0.00106785 -0.0613848 1.05944e-05 0.00106792 0.999999 0.0492467
0.999988 0.00485322 -0.00100338 -0.112028 -0.00485395 0.999988 -0.000729352 -0.0573052 0.000999829 0.000734213 0.999999 0.0569214
0.99999 0.00440234 -0.00104632 -0.0629942 -0.00440384 0.999989 -0.00144214 -0.0346739 0.00103996 0.00144673 0.999998 0.0412279
0.999986 0.00424266 -0.00302995 -0.081145 -0.00424522 0.999991 -0.000840247 -0.0302092 0.00302636 0.000853098 0.999995 0.0529078
0.999994 0.0027287 -0.0021136 -0.0742912 -0.00272987 0.999996 -0.00054681 -0.0328466 0.0021121 0.000552576 0.999998 0.0498333
0.999988 0.0042295 -0.00258881 -0.081181 -0.00423235 0.99999 -0.00109912 -0.0307919 0.00258414 0.00111006 0.999996 0.0444232
0.999991 0.00398005 -0.00130034 -0.082904 -0.00397857 0.999991 0.00113928 -0.0552977 0.00130486 -0.0011341 0.999999 0.0725786
0.99999 0.00395302 -0.00194898 -0.0605512 -0.00395514 0.999992 -0.00108952 -0.0441276 0.00194466 0.00109722 0.999997 0.0458725
0.999992 0.00320555 -0.0023375 -0.0743764 -0.00320362 0.999995 0.000826388 -0.034487 0.00234014 -0.000818893 0.999997 0.055643
0.999986 0.00500786 -0.00145183 -0.0743541 -0.00500818 0.999987 -0.000215613 -0.0683153 0.00145074 0.000222882 0.999999 0.0541628
0.999988 0.00460175 -0.00152205 -0.0645145 -0.00460194 0.999989 -0.000119318 -0.0424839 0.00152148 0.000126321 0.999999 0.0452509
0.999989 0.00412051 -0.00213627 -0.094689 -0.00411909 0.999991 0.000666276 -0.0580232 0.002139 -0.000657469 0.999997 0.0486407
0.999994 0.00331276 -0.00133527 -0.052934 -0.00331389 0.999994 -0.000849106 -0.0445552 0.00133245 0.000853526 0.999999 0.0366866
0.999984 0.00516588 -0.00209913 -0.0555664 -0.00516293 0.999986 0.00140588 -0.0551448 0.00210636 -0.00139502 0.999997 0.0724645
0.999992 0.00366931 -0.00156251 -0.051449 -0.00366928 0.999993 2.35165e-05 -0.0350479 0.00156258 -1.7783e-05 0.999999 0.0542074
0.999995 0.00308689 -0.00117539 -0.0592128 -0.00308665 0.999995 0.000207034 -0.0413666 0.00117602 -0.000203405 0.999999 0.0461743
0.999993 0.00343813 -0.00157923 -0.0670238 -0.00343559 0.999993 0.00160911 -0.0428051 0.00158475 -0.00160368 0.999997 0.0497999
0.999989 0.00442565 -0.00149366 -0.0718222 -0.00442482 0.99999 0.000556733 -0.0637166 0.00149611 -0.000550118 0.999999 0.057704
0.999996 0.00246236 -0.00158935 -0.0622461 -0.00246325 0.999997 -0.000559719 -0.0372552 0.00158796 0.000563632 0.999999 0.043844
0.999989 0.00416 -0.00200018 -0.0794908 -0.00415746 0.999991 0.00127219 -0.0451726 0.00200545 -0.00126386 0.999997 0.0510684
0.999991 0.00393991 -0.00140295 -0.0621681 -0.00394029 0.999992 -0.000271001 -0.0608051 0.00140187 0.000276527 0.999999 0.0645654
0.999992 0.00343593 -0.00215874 -0.0389583 -0.00343726 0.999994 -0.000614007 -0.0272835 0.00215662 0.000621422 0.999997 0.0669766
0.999993 0.00316797 -0.00189744 -0.0299716 -0.00317063 0.999994 -0.0013992 -0.0162859 0.001893 0.00140521 0.999997 0.071219
0.999988 0.00456221 -0.00176277 -0.0472056 -0.00456762 0.999985 -0.00308053 -0.0301542 0.00174869 0.00308854 0.999994 0.0761041
0.999995 0.00286534 -0.0012577 -0.0779509 -0.00286831 0.999993 -0.00236692 -0.0247778 0.00125091 0.00237052 0.999996 0.0932578
0.999993 0.00366983 -0.000146668 -0.0432513 -0.00367015 0.999991 -0.00228764 -0.0338284 0.000138271 0.00228816 0.999997 0.0851658
0.999993 0.00330343 -0.00164245 -0.0714135 -0.00330869 0.999989 -0.0032122 -0.0526889 0.00163182 0.00321762 0.999994 0.0971675
0.999992 0.00401891 4.57827e-05 -0.0556745 -0.00401882 0.99999 -0.00192749 -0.0512305 -5.35286e-05 0.00192729 0.999998 0.102664
0.999997 0.00222056 -0.000746161 -0.0752004 -0.00222232 0.999995 -0.0023781 -0.0533947 0.000740876 0.00237975 0.999997 0.0989442
0.999988 0.00494429 0.000626219 -0.0462286 -0.00494259 0.999984 -0.00268111 -0.0473788 -0.000639466 0.00267798 0.999996 0.106377
0.999994 0.00355649 -0.0001751 -0.0599542 -0.0035569 0.999991 -0.00243647 -0.0581971 0.000166433 0.00243707 0.999997 0.0996963
0.999994 0.0035169 -0.000563441 -0.0574424 -0.00351825 0.999991 -0.00240024 -0.0520496 0.000554994 0.00240221 0.999997 0.101508
0.999991 0.00427566 0.000625036 -0.0735548 -0.00427317 0.999983 -0.0039331 -0.0518527 -0.000641842 0.00393039 0.999992 0.108169
0.999997 0.0025214 -0.000431628 -0.0499331 -0.00252258 0.999993 -0.00275424 -0.0616561 0.00042468 0.00275532 0.999996 0.104424
0.999994 0.00318094 -0.00106644 -0.0584714 -0.00318289 0.999993 -0.00183214 -0.0509298 0.0010606 0.00183552 0.999998 0.0914754
0.999995 0.00317242 0.0002117 -0.0608473 -0.00317189 0.999992 -0.00244363 -0.0675895 -0.00021945 0.00244295 0.999997 0.113284
0.999992 0.00405367 -0.00015445 -0.0511972 -0.00405398 0.99999 -0.00205587 -0.0606455 0.000146115 0.00205648 0.999998 0.104782
0.999995 0.0031132 -0.000952854 -0.0574647 -0.00311624 0.99999 -0.00320313 -0.0656485 0.000942873 0.00320608 0.999994 0.110678
0.99999 0.00407937 -0.00163187 -0.0439261 -0.00408432 0.999987 -0.003041 -0.0664243 0.00161944 0.00304764 0.999994 0.108151
0.999996 0.00283713 -0.000409963 -0.0521549 -0.0028388 0.999987 -0.00414075 -0.0596732 0.00039821 0.0041419 0.999991 0.10051
0.999988 0.00468329 -0.0010849 -0.0621878 -0.00468619 0.999985 -0.00269162 -0.0635648 0.00107228 0.00269667 0.999996 0.101575
0.999991 0.00414744 -0.000587132 -0.0361781 -0.00414878 0.999989 -0.00230838 -0.0620469 0.000577551 0.00231079 0.999997 0.107631
0.999992 0.00403869 -0.000793845 -0.0442177 -0.00404125 0.999987 -0.00325062 -0.0615245 0.000780707 0.0032538 0.999994 0.104308
0.999994 0.00348551 -0.000754845 -0.0465448 -0.00348819 0.999988 -0.00357365 -0.0472565 0.00074238 0.00357626 0.999993 0.107376
0.999995 0.00279086 -0.00137399 -0.0562293 -0.00279453 0.999993 -0.00267166 -0.0511582 0.00136652 0.00267549 0.999995 0.103803
0.999988 0.00478255 -0.000788469 -0.041157 -0.0047856 0.999981 -0.00390969 -0.0412712 0.000769756 0.00391342 0.999992 0.107666
0.999995 0.00304399 -0.000928164 -0.0646011 -0.00304663 0.999991 -0.00285167 -0.0553614 0.000919476 0.00285448 0.999996 0.0970317
0.999991 0.00395844 -0.00122649 -0.0364934 -0.00396172 0.999989 -0.00268459 -0.0513061 0.00121585 0.00268942 0.999996 0.101435
0.999993 0.00359814 -0.000576831 -0.0431307 -0.00359941 0.999991 -0.00221105 -0.0620887 0.00056887 0.00221311 0.999997 0.107428
0.999994 0.00348412 -0.000230092 -0.050615 -0.00348465 0.999991 -0.00236008 -0.0623724 0.000221867 0.00236087 0.999997 0.107516
0.999996 0.00269738 -0.000468079 -0.0534548 -0.00269857 0.999993 -0.00256818 -0.0589724 0.000461149 0.00256943 0.999997 0.106013
0.999996 0.00279285 -0.000562408 -0.0454885 -0.0027946 0.999991 -0.00314313 -0.0455839 0.000553625 0.00314469 0.999995 0.10891
0.999989 0.00454169 -0.000864947 -0.0369931 -0.00454476 0.999983 -0.0035884 -0.0285164 0.000848635 0.00359229 0.999993 0.0984792
0.999997 0.00253099 -8.11464e-05 -0.0473117 -0.00253114 0.999995 -0.00184478 -0.0422199 7.64769e-05 0.00184498 0.999998 0.102781
0.999997 0.00253425 9.88455e-05 -0.0552033 -0.00253404 0.999995 -0.00205063 -0.0537064 -0.000104042 0.00205038 0.999998 0.109923
0.999995 0.0030064 0.000751843 -0.013526 -0.00300502 0.999994 -0.00182628 -0.0405958 -0.000757329 0.00182401 0.999998 0.100337
0.999996 0.00261851 -0.000529103 -0.0378893 -0.0026196 0.999994 -0.00207722 -0.0553871 0.000523661 0.0020786 0.999998 0.105941
0.999992 0.00401087 -0.000626921 -0.0426904 -0.00401181 0.999991 -0.00150505 -0.0508489 0.000620878 0.00150755 0.999999 0.111316
0.999994 0.00334622 -8.74805e-05 -0.03113 -0.00334652 0.999988 -0.00366585 -0.0453039 7.52127e-05 0.00366612 0.999993 0.0952327
0.999994 0.0030013 -0.00154378 -0.0428416 -0.00300473 0.999993 -0.00222182 -0.0472061 0.0015371 0.00222645 0.999996 0.107223
0.999996 0.00295097 -0.000459264 -0.0310182 -0.00295225 0.999992 -0.00280944 -0.0392378 0.00045097 0.00281078 0.999996 0.0938298
0.99999 0.00431541 -0.00120922 -0.0292537 -0.00431912 0.999986 -0.00307989 -0.0449629 0.00119591 0.00308508 0.999995 0.0920637
0.999997 0.00251009 0.000194142 -0.0458427 -0.00250973 0.999995 -0.00185291 -0.0244709 -0.000198792 0.00185242 0.999998 0.0931896
0.999993 0.00368206 -0.000259045 -0.0349151 -0.00368249 0.999992 -0.00167767 -0.0461611 0.000252865 0.00167861 0.999999 0.0963823
0.999997 0.00246164 -0.000182873 -0.0421162 -0.00246204 0.999995 -0.00220951 -0.0464993 0.000177433 0.00220995 0.999998 0.0959677
0.999994 0.00321525 -0.00118263 -0.0549916 -0.00321743 0.999993 -0.00184152 -0.0480465 0.0011767 0.00184531 0.999998 0.096859
0.999995 0.00308624 -0.000812602 -0.0483853 -0.0030883 0.999992 -0.00254727 -0.039661 0.000804734 0.00254977 0.999996 0.0962611
0.999996 0.00262385 -0.000891751 -0.0503433 -0.00262597 0.999994 -0.00237701 -0.0432659 0.000885509 0.00237934 0.999997 0.0952206
0.999995 0.00310985 -0.000468471 -0.0644083 -0.0031111 0.999992 -0.0026864 -0.0238297 0.000460113 0.00268784 0.999996 0.0923329
0.999986 0.00518445 -0.0011465 -0.0572496 -0.0051868 0.999984 -0.00205723 -0.045856 0.00113582 0.00206315 0.999997 0.105783
0.999994 0.00347207 -0.000872931 -0.0797328 -0.00347508 0.999988 -0.00346615 -0.0435085 0.000860886 0.00346916 0.999994 0.108291
0.99999 0.00438629 -0.000173089 -0.0698576 -0.00438667 0.999988 -0.00228684 -0.038894 0.000163056 0.00228758 0.999997 0.111227
0.999992 0.00376974 -0.00108944 -0.0924138 -0.00377271 0.999989 -0.00273527 -0.0484813 0.00107912 0.00273936 0.999996 0.106337
0.999993 0.00378014 -0.000681324 -0.088218 -0.00378142 0.999991 -0.00188055 -0.0426413 0.000674209 0.00188311 0.999998 0.102297
0.99999 0.00441613 0.000347432 -0.126924 -0.00441545 0.999988 -0.00192518 -0.0384519 -0.00035593 0.00192363 0.999998 0.115099
0.999992 0.00406333 -0.000144847 -0.145401 -0.00406368 0.999989 -0.00249023 -0.0560029 0.000134726 0.0024908 0.999997 0.111181
0.999991 0.00419977 0.00048669 -0.15074 -0.00419915 0.99999 -0.00126989 -0.0632733 -0.000492019 0.00126783 0.999999 0.124388
0.999981 0.00611276 4.56561e-05 -0.134209 -0.00611261 0.999977 -0.00279741 -0.0302366 -6.27549e-05 0.00279708 0.999996 0.105334
0.999988 0.00476366 0.000638669 -0.162064 -0.00476283 0.999988 -0.0012946 -0.0730582 -0.000644828 0.00129154 0.999999 0.118723
0.999985 0.0054222 -0.000715518 -0.13771 -0.0054231 0.999985 -0.0012629 -0.0540557 0.000708659 0.00126677 0.999999 0.11459
0.999992 0.0040627 0.000269571 -0.159496 -0.00406228 0.999991 -0.00155363 -0.0616652 -0.000275881 0.00155252 0.999999 0.108657
0.99999 0.00445878 0.000139494 -0.117645 -0.0044586 0.999989 -0.00125173 -0.0604472 -0.000145073 0.00125109 0.999999 0.116764
0.999996 0.00274169 0.000869717 -0.116955 -0.00273978 0.999994 -0.0021863 -0.0749051 -0.000875706 0.00218391 0.999997 0.112815
0.99999 0.00450219 -5.77747e-05 -0.0770926 -0.00450229 0.999988 -0.00185982 -0.032299 4.94008e-05 0.00186006 0.999998 0.114447
0.99999 0.00436205 0.000750597 -0.0990514 -0.00435995 0.999987 -0.00276473 -0.0388762 -0.000762647 0.00276143 0.999996 0.102658
0.999995 0.00327729 0.000129072 -0.13978 -0.00327707 0.999993 -0.00165626 -0.0319926 -0.000134499 0.00165583 0.999999 0.106615
0.999988 0.00478986 0.000961744 -0.14316 -0.00478795 0.999987 -0.00198032 -0.0430395 -0.000971217 0.00197569 0.999998 0.107844
0.999991 0.00427082 0.000276258 -0.131244 -0.00427008 0.999987 -0.00262247 -0.0425462 -0.000287454 0.00262127 0.999997 0.106879
0.999993 0.00378732 0.000560076 -0.134947 -0.00378638 0.999991 -0.00166058 -0.0376466 -0.00056636 0.00165845 0.999998 0.108778
0.99999 0.00444775 -5.40053e-05 -0.120366 -0.0044479 0.999985 -0.00320624 -0.0294432 3.97439e-05 0.00320645 0.999995 0.105739
0.999989 0.00460484 0.000541376 -0.138298 -0.00460417 0.999989 -0.00123096 -0.0191499 -0.000547038 0.00122845 0.999999 0.104018
0.999995 0.00304253 -0.000132379 -0.142344 -0.0030428 0.999993 -0.00206457 -0.0391543 0.000126097 0.00206496 0.999998 0.105865
0.999993 0.00363963 -3.8322e-05 -0.151969 -0.0036397 0.999991 -0.00203352 -0.0272921 3.09204e-05 0.00203365 0.999998 0.108858
0.999989 0.00459762 0.000184926 -0.170141 -0.00459741 0.999989 -0.00110763 -0.0367827 -0.000190017 0.00110676 0.999999 0.102947
0.999988 0.00477865 -0.000865615 -0.188224 -0.00478031 0.999987 -0.00191848 -0.0269882 0.000856436 0.0019226 0.999998 0.110361
0.999986 0.00517111 -0.000899174 -0.203866 -0.00517266 0.999985 -0.00172213 -0.013013 0.000890255 0.00172676 0.999998 0.1014
0.999982 0.00435513 -0.00403317 -0.163516 -0.00436835 0.999985 -0.00327481 -0.00531683 0.00401884 0.00329237 0.999987 0.0993103
0.99999 0.00308068 -0.00320941 -0.153463 -0.00308322 0.999995 -0.000785718 -0.00665575 0.00320698 0.000795606 0.999995 0.100038
0.999983 0.00284307 -0.00518162 -0.173862 -0.00285356 0.999994 -0.00201818 -0.0130782 0.00517585 0.00203294 0.999985 0.0936888
0.999987 0.00315539 -0.00392735 -0.114269 -0.00316374 0.999993 -0.00212148 -0.00915382 0.00392062 0.00213387 0.99999 0.0900204
0.999987 0.00307854 -0.00416925 -0.104379 -0.00308649 0.999993 -0.00190091 0.0105163 0.00416337 0.00191375 0.99999 0.0816905
0.999986 0.00443469 -0.0029072 -0.100528 -0.00444129 0.999988 -0.00226752 0.00695272 0.0028971 0.0022804 0.999993 0.0675616
0.999975 0.00452525 -0.00537818 -0.0613922 -0.0045377 0.999987 -0.00230577 0.00753063 0.00536767 0.00233012 0.999983 0.0769463
0.999993 0.00250848 -0.00268781 0.0382981 -0.0025197 0.999988 -0.00417783 0.0434065 0.0026773 0.00418457 0.999988 0.053972
0.999984 0.00269686 -0.00490012 0.00802874 -0.00271153 0.999992 -0.00298849 0.0451034 0.00489202 0.00300173 0.999984 0.0716099
0.999971 0.00649806 -0.00398703 0.000631233 -0.00650655 0.999977 -0.00211769 0.00268109 0.00397317 0.00214357 0.99999 0.10761
0.999981 0.00458457 -0.00409241 0.0846818 -0.00459172 0.999988 -0.00173904 0.0172128 0.00408439 0.0017578 0.99999 0.0990991
0.999974 0.00674076 -0.00251628 0.13789 -0.00674614 0.999975 -0.00213813 0.0104449 0.0025018 0.00215505 0.999995 0.0921248
0.999973 0.00673261 -0.00302909 0.194779 -0.00674305 0.999971 -0.00344716 0.0141189 0.00300579 0.00346749 0.999989 0.094046
0.999982 0.00443328 -0.00400586 0.231953 -0.00443965 0.999989 -0.00158227 0.0217373 0.0039988 0.00160003 0.999991 0.0988923
0.999973 0.00687963 -0.00269581 0.339743 -0.00688609 0.999973 -0.00239551 0.0168751 0.00267926 0.00241401 0.999994 0.0857751
0.999982 0.00573726 -0.00170437 0.345569 -0.00573646 0.999983 0.000477554 0.0118562 0.00170708 -0.000467769 0.999998 0.0921486
0.99994 0.00992283 -0.00458303 0.436853 -0.00992922 0.99995 -0.001373 -0.00365766 0.00456918 0.00141843 0.999989 0.0711812
0.9999 0.0120332 -0.00740747 0.496373 -0.012033 0.999928 7.61313e-05 -0.00892293 0.00740785 1.30101e-05 0.999973 0.107755
0.999907 0.0106322 -0.00856806 0.60464 -0.0106371 0.999943 -0.000522688 -0.0051192 0.00856202 0.000613778 0.999963 0.0999638
0.999922 0.00986144 -0.00768376 0.697699 -0.00987014 0.999951 -0.00109558 -0.000835782 0.00767257 0.00117133 0.99997 0.0950104
0.999973 0.00698242 -0.00228574 0.761781 -0.00698014 0.999975 0.00100587 0.0145859 0.0022927 -0.000989885 0.999997 0.112251
0.999954 0.00956806 -0.000725589 0.91063 -0.00956745 0.999954 0.000836804 0.01639 0.000733562 -0.000829823 0.999999 0.129489
0.999958 0.00774901 0.00485539 1.0746 -0.0077452 0.99997 -0.000803964 0.0252049 -0.00486148 0.000766324 0.999988 0.132566
0.999994 0.0035848 0.000439951 1.20212 -0.00358351 0.999989 -0.0028932 0.0408466 -0.000450318 0.00289161 0.999996 0.138416
0.999915 0.0120833 -0.00498711 1.30123 -0.0121034 0.999919 -0.00401867 0.0224091 0.00493815 0.00407869 0.999979 0.11911
0.999941 0.00785773 -0.00746146 1.40843 -0.00788631 0.999962 -0.00380873 0.0275427 0.00743125 0.00386735 0.999965 0.104531
0.999859 0.0135273 -0.00995081 1.48479 -0.0135591 0.999903 -0.00313737 0.0194715 0.00990741 0.00327185 0.999946 0.10049
0.999915 0.00961584 -0.00876223 1.65019 -0.00964167 0.999949 -0.00290975 0.0423323 0.00873381 0.00299399 0.999957 0.0952636
0.999925 0.00766434 -0.00953797 1.81059 -0.00767928 0.999969 -0.00153067 0.0412157 0.00952595 0.0016038 0.999953 0.0921336
0.999926 0.00716339 -0.00980121 2.04815 -0.00717872 0.999973 -0.00152982 0.0681446 0.00978999 0.00160007 0.999951 0.087564
0.999958 0.00613764 -0.00687452 2.21722 -0.00613598 0.999981 0.000263498 0.0785316 0.00687601 -0.000221305 0.999976 0.0783285
0.999761 0.0147209 -0.0161684 2.33999 -0.0147434 0.999891 -0.00127149 0.0570228 0.0161479 0.00150957 0.999868 0.102019
0.99975 0.0145129 -0.0170139 2.54985 -0.014553 0.999892 -0.0022318 0.0647217 0.0169796 0.00247885 0.999853 0.0959871
0.999892 0.00913193 -0.0115064 2.69852 -0.00915481 0.999956 -0.00193717 0.0769345 0.0114882 0.0020423 0.999932 0.100346
0.999889 0.0112815 -0.00969308 2.86637 -0.0112964 0.999935 -0.00147847 0.0792897 0.00967577 0.00158781 0.999952 0.103133
0.999874 0.0110765 -0.0114023 3.0625 -0.0111136 0.999933 -0.00318773 0.0874437 0.0113663 0.00331404 0.99993 0.0943483
0.999892 0.00979152 -0.0109642 3.24147 -0.0098318 0.999945 -0.00362536 0.0833931 0.0109281 0.00373277 0.999933 0.0994164
0.999921 0.00461365 -0.0116733 3.44946 -0.00465924 0.999982 -0.00388155 0.110998 0.0116552 0.00393563 0.999924 0.097219
0.999875 0.0125541 -0.00961917 3.62393 -0.0125783 0.999918 -0.00246182 0.0736876 0.00958748 0.00258251 0.999951 0.125446
0.999763 0.0173424 -0.0131469 3.89397 -0.0174043 0.999838 -0.00460544 0.0883007 0.0130649 0.00483316 0.999903 0.12228
0.999765 0.0159878 -0.014658 4.08053 -0.0160434 0.999865 -0.00367988 0.101141 0.0145972 0.00391418 0.999886 0.125685
0.999751 0.0163881 -0.015146 4.3292 -0.0164479 0.999857 -0.00382953 0.100045 0.0150811 0.0040777 0.999878 0.131649
0.99978 0.0162316 -0.0132888 4.52328 -0.0162845 0.99986 -0.00388177 0.106448 0.0132239 0.00409731 0.999904 0.133933
0.999747 0.0177317 -0.0138209 4.79182 -0.0177874 0.999834 -0.00392053 0.107488 0.013749 0.00416538 0.999897 0.142302
0.999711 0.0200121 -0.0133104 4.98675 -0.0200711 0.999789 -0.0043091 0.0990886 0.0132213 0.00457501 0.999902 0.140836
0.999717 0.0192199 -0.0139858 5.30038 -0.0192831 0.999804 -0.00440251 0.129138 0.0138985 0.00467096 0.999892 0.148562
0.999735 0.0198118 -0.0117047 5.51994 -0.0198578 0.999795 -0.00382129 0.124826 0.0116266 0.00405271 0.999924 0.153152
0.999718 0.0208167 -0.0114268 5.79062 -0.0208812 0.999767 -0.00555921 0.125546 0.0113084 0.00579624 0.999919 0.162343
0.999785 0.0194827 -0.00711049 6.03859 -0.0195206 0.999795 -0.00529943 0.115791 0.00700579 0.00543709 0.999961 0.187145
0.999709 0.0231624 -0.00678025 6.21359 -0.0231989 0.999717 -0.00535061 0.119321 0.0066544 0.00550634 0.999963 0.180789
0.999688 0.0240127 -0.00680803 6.44982 -0.0240406 0.999703 -0.00405406 0.130625 0.00670866 0.00421647 0.999969 0.182883
0.999722 0.0231673 -0.00426369 6.70811 -0.0231894 0.999718 -0.00519474 0.124133 0.00414214 0.00529217 0.999977 0.192117
0.999694 0.0243559 -0.00434529 6.98326 -0.0243724 0.999696 -0.00378872 0.134512 0.00425169 0.00389347 0.999983 0.200309
0.999635 0.0267339 -0.00397079 7.2705 -0.0267535 0.99963 -0.00498916 0.132904 0.00383594 0.00509357 0.99998 0.2031
0.999619 0.0274113 -0.00312963 7.5201 -0.027421 0.999619 -0.00307994 0.145879 0.00304402 0.00316458 0.99999 0.210143
0.999629 0.0270335 -0.00334985 7.73602 -0.0270444 0.999629 -0.00324916 0.168696 0.00326077 0.00333855 0.999989 0.216118
0.999539 0.0301124 -0.00394603 8.01724 -0.0301211 0.999544 -0.0021701 0.162997 0.00387888 0.00228796 0.99999 0.219812
0.999467 0.0323761 -0.00411529 8.27977 -0.0323922 0.999468 -0.00389018 0.161132 0.00398715 0.00402141 0.999984 0.219739
0.999373 0.0350183 -0.00522743 8.53966 -0.0350439 0.999374 -0.0048793 0.180006 0.00505329 0.00505943 0.999974 0.223109
0.999219 0.0391263 -0.00550024 8.83104 -0.0391511 0.999223 -0.00448615 0.166162 0.00532044 0.00469799 0.999975 0.228246
0.999136 0.0411672 -0.00567931 9.02099 -0.0411954 0.999139 -0.00493784 0.153058 0.00547114 0.00516754 0.999972 0.224405
