1 5.83482e-14 -2.53541e-15 9.20696e-15 -5.83482e-14 1 -6.0933e-15 -9.6761e-15 2.53541e-15 6.0933e-15 1 1.74706e-16
0.999901 0.0139445 -0.00185407 0.058096 -0.0139428 0.999902 0.00091633 -0.0122472 0.00186667 -0.000890388 0.999998 0.0451431
0.99969 0.024724 -0.00282332 0.172944 -0.0247224 0.999694 0.000576495 -0.0399457 0.00283671 -0.000506517 0.999996 0.036271
0.999333 0.0364613 -0.00220837 0.263705 -0.0364581 0.999334 0.00149002 -0.05562 0.00226123 -0.00140852 0.999996 0.0266592
0.998815 0.0485579 -0.00326525 0.400467 -0.0485551 0.99882 0.000940239 -0.0514317 0.00330705 -0.00078058 0.999994 0.0340196
0.998154 0.060681 -0.00255815 0.544562 -0.0606762 0.998156 0.00191307 -0.0816371 0.00266952 -0.00175432 0.999995 0.0307521
0.997212 0.0745604 -0.0029453 0.683273 -0.0745575 0.997216 0.00107883 -0.0919635 0.00301754 -0.00085623 0.999995 0.0359627
0.99619 0.0871902 -0.00170294 0.820893 -0.0871888 0.996191 0.000827409 -0.091502 0.00176859 -0.000675779 0.999998 0.0284681
0.994702 0.1028 -0.000929198 0.933408 -0.102798 0.994701 0.0017214 -0.141512 0.00110123 -0.00161676 0.999998 0.0324913
0.993226 0.116201 -0.000459065 1.05285 -0.116199 0.99322 0.00330146 -0.164792 0.000839587 -0.00322575 0.999994 0.0336464
0.991547 0.129739 -0.00162523 1.23947 -0.129732 0.991541 0.00391992 -0.15952 0.00212005 -0.00367594 0.999991 0.0292435
0.989638 0.143575 0.00146172 1.37324 -0.143581 0.989622 0.00565095 -0.188946 -0.000635215 -0.00580227 0.999983 0.034297
0.987054 0.160385 0.000292653 1.54755 -0.160384 0.987036 0.00616 -0.260646 0.000699113 -0.00612719 0.999981 0.0291984
0.984911 0.173061 -1.83734e-05 1.71965 -0.173056 0.984882 0.00762907 -0.311413 0.00133839 -0.00751077 0.999971 0.0223839
0.981576 0.191072 -0.00040243 1.89647 -0.191066 0.981559 0.00605859 -0.347313 0.00155263 -0.00587007 0.999982 0.0320116
0.977692 0.210045 5.87698e-05 2.01299 -0.210042 0.977674 0.00590994 -0.349796 0.0011839 -0.00579045 0.999983 0.0265722
0.974731 0.223382 -0.000127703 2.21896 -0.223376 0.97471 0.00655926 -0.424587 0.00158969 -0.00636499 0.999978 0.0360617
0.970846 0.239702 -3.17879e-05 2.38996 -0.239697 0.970825 0.00661397 -0.485124 0.00161624 -0.00641352 0.999978 0.0220327
0.96628 0.25749 -0.00104168 2.59514 -0.257482 0.96627 0.00508108 -0.55911 0.00231487 -0.00464154 0.999987 0.0310455
0.961403 0.275136 -0.00211812 2.80329 -0.275119 0.96139 0.00621883 -0.625032 0.00374736 -0.00539607 0.999978 0.02018
0.956289 0.29241 -0.00290988 2.94438 -0.292383 0.956273 0.00734377 -0.700298 0.00493003 -0.00617197 0.999969 0.0174932
0.951494 0.307659 -0.0023414 3.17096 -0.307642 0.951485 0.00578154 -0.720252 0.00400655 -0.00478078 0.999981 0.0168803
0.944867 0.327453 0.000762848 3.35912 -0.327452 0.944851 0.0056691 -0.843985 0.00113559 -0.00560634 0.999984 0.0241626
0.93825 0.34595 0.0020902 3.55088 -0.345957 0.938234 0.00561597 -0.847895 -1.82496e-05 -0.00599231 0.999982 0.0247276
0.931814 0.362918 0.00362247 3.73286 -0.362933 0.931801 0.00514973 -0.896459 -0.00150649 -0.00611331 0.99998 0.0316556
0.92459 0.380949 0.00345453 3.90794 -0.380962 0.924578 0.0047681 -0.985763 -0.00137758 -0.00572458 0.999983 0.0336427
0.917656 0.397366 0.00296485 4.11219 -0.397377 0.917636 0.00594617 -1.06596 -0.000357848 -0.0066347 0.999978 0.033171
0.910552 0.413383 0.00306189 4.32565 -0.413394 0.91053 0.00633461 -1.15421 -0.000169327 -0.00703377 0.999975 0.0391549
0.902627 0.430416 0.00242827 4.47441 -0.430423 0.902616 0.00445437 -1.24143 -0.00027457 -0.00506582 0.999987 0.0369965
0.895243 0.445572 0.00231718 4.70371 -0.445578 0.895231 0.00454025 -1.3704 -5.13995e-05 -0.00509711 0.999987 0.0560079
0.888127 0.459593 0.0022708 4.9296 -0.459599 0.888118 0.00400184 -1.47288 -0.00017752 -0.0045978 0.999989 0.0542007
0.881088 0.472942 0.00316913 5.15126 -0.472949 0.881088 0.00183116 -1.58667 -0.00192625 -0.00311225 0.999993 0.0492915
0.874246 0.485467 0.0040191 5.34615 -0.485467 0.874255 -0.000971819 -1.68748 -0.00398551 -0.00110153 0.999991 0.0564158
0.864693 0.502264 0.0059916 5.55409 -0.502275 0.864708 0.000428636 -1.78973 -0.0049657 -0.00338007 0.999982 0.0715531
0.856813 0.515588 0.00634722 5.74675 -0.515599 0.85683 0.000186785 -1.94224 -0.00534218 -0.00343266 0.99998 0.0672366
0.849617 0.527353 0.00699842 5.99743 -0.527357 0.849643 -0.00140521 -2.07472 -0.00668719 -0.00249678 0.999975 0.0627503
0.842964 0.537933 0.00627247 6.14737 -0.537939 0.842983 -0.000915116 -2.17815 -0.00577986 -0.0026028 0.99998 0.0622197
0.836109 0.54851 0.00763939 6.36626 -0.548514 0.83614 -0.00186043 -2.29665 -0.00740806 -0.00263478 0.999969 0.0681199
0.828399 0.560083 0.00792121 6.5941 -0.560079 0.828434 -0.00281871 -2.37143 -0.00814091 -0.00210149 0.999965 0.073545
0.822339 0.568952 0.00715996 6.79962 -0.56893 0.822371 -0.00503013 -2.47585 -0.00875004 6.29547e-05 0.999962 0.0666404
0.814271 0.580442 0.00704222 7.07702 -0.580427 0.814301 -0.0042613 -2.61533 -0.00820793 -0.000617647 0.999966 0.0833036
0.806924 0.590613 0.00703697 7.29729 -0.590575 0.806954 -0.00685793 -2.77293 -0.00972889 0.00137797 0.999952 0.0735799
0.79942 0.600744 0.00583568 7.48553 -0.600714 0.79944 -0.00616619 -2.85893 -0.00836958 0.0014238 0.999964 0.0685095
0.791271 0.61145 0.00436086 7.71503 -0.611418 0.791278 -0.00682911 -3.03807 -0.00762631 0.00273737 0.999967 0.0713393
0.78403 0.620705 0.00470824 7.92699 -0.620673 0.784041 -0.00668323 -3.18714 -0.00783977 0.00231758 0.999967 0.0818792
0.774743 0.632252 0.00551192 8.16784 -0.632213 0.77476 -0.00730191 -3.36275 -0.00888706 0.0021724 0.999958 0.0820187
0.766962 0.641679 0.00408483 8.37437 -0.641632 0.766962 -0.0088634 -3.49817 -0.00882037 0.00417693 0.999952 0.0747093
0.759388 0.650633 0.00282379 8.63394 -0.650588 0.759376 -0.00914782 -3.70673 -0.00809619 0.00510961 0.999954 0.0758611
0.750328 0.661058 0.00324115 8.8898 -0.661017 0.750323 -0.00851799 -3.89885 -0.00806279 0.00424884 0.999958 0.0775591
0.744717 0.667373 0.00321303 9.13986 -0.667315 0.744702 -0.010462 -4.12278 -0.00937478 0.0056471 0.99994 0.0903667
0.737834 0.674968 0.00429872 9.35865 -0.674922 0.737838 -0.00866227 -4.29496 -0.00901852 0.00349001 0.999953 0.089017
0.732346 0.680924 0.00339108 9.59272 -0.680857 0.732331 -0.0111801 -4.49591 -0.0100962 0.00587884 0.999932 0.0926595
0.725937 0.68775 0.00401074 9.8457 -0.687689 0.725933 -0.0102185 -4.69177 -0.00993929 0.00465984 0.99994 0.0908916
0.714825 0.699295 0.00331353 10.0605 -0.69922 0.714805 -0.0120264 -4.87629 -0.0107785 0.00627988 0.999922 0.0848653
0.710782 0.703406 0.00297849 10.2061 -0.703327 0.710755 -0.0125667 -4.99324 -0.0109565 0.00683731 0.999917 0.0926045
0.705251 0.708954 0.0023351 10.4226 -0.708868 0.705211 -0.01355 -5.19632 -0.011253 0.00790084 0.999905 0.0885438
0.699906 0.714233 0.00177664 10.6107 -0.714152 0.699859 -0.0135929 -5.40299 -0.0109519 0.00824496 0.999906 0.0931111
0.691937 0.721958 -0.000232794 10.8014 -0.72188 0.691857 -0.0149574 -5.5842 -0.0106375 0.0105176 0.999888 0.0962536
0.685796 0.727793 0.00109064 11.0042 -0.727709 0.685738 -0.0142174 -5.76986 -0.0110952 0.00895657 0.999898 0.0977793
0.685836 0.727754 -0.00175275 11.2354 -0.727696 0.685745 -0.0145629 -5.98528 -0.00939626 0.0112632 0.999892 0.0871788
0.681476 0.73184 0.00132183 11.4203 -0.731773 0.681436 -0.0123403 -6.14178 -0.00993189 0.00744235 0.999923 0.0927948
0.677599 0.735432 0.000194542 11.6854 -0.73537 0.677545 -0.0128148 -6.40371 -0.00955619 0.00854021 0.999918 0.0948353
0.671578 0.740931 0.0019188 11.8655 -0.740876 0.671556 -0.0107038 -6.56045 -0.00921937 0.00576686 0.999941 0.0922813
0.668624 0.743601 0.000129164 12.0735 -0.743552 0.668582 -0.0113409 -6.79559 -0.00851948 0.00748678 0.999936 0.0930876
0.662912 0.748695 0.00175549 12.2986 -0.748636 0.662886 -0.0112318 -6.99527 -0.00957288 0.00613147 0.999935 0.0934331
0.660487 0.750834 0.00239314 12.5043 -0.750786 0.660475 -0.00963546 -7.22215 -0.00881524 0.00456735 0.999951 0.0922058
0.655262 0.755399 0.00191345 12.7019 -0.755336 0.655237 -0.011507 -7.45356 -0.00994614 0.0060948 0.999932 0.0892208
0.649339 0.760491 0.00351473 12.8958 -0.760419 0.649331 -0.0114945 -7.6452 -0.0110237 0.00479117 0.999928 0.0976412
0.646623 0.762808 0.00129616 13.1582 -0.762751 0.646594 -0.0113217 -7.87445 -0.00947439 0.00633223 0.999935 0.0986533
0.643582 0.76537 0.00325576 13.3582 -0.765306 0.643574 -0.0109166 -8.08365 -0.0104506 0.00453408 0.999935 0.0999876
0.640556 0.767911 0.00105356 13.5664 -0.767872 0.640536 -0.00930969 -8.31682 -0.00782385 0.00515438 0.999956 0.100876
0.636363 0.771388 0.00148212 13.7719 -0.771358 0.636353 -0.00782389 -8.55999 -0.00697841 0.0038356 0.999968 0.0996
0.633017 0.774138 -0.000597103 13.9822 -0.774124 0.633 -0.00655592 -8.79212 -0.00469722 0.00461224 0.999978 0.097583
0.628886 0.777498 3.44832e-05 14.216 -0.777485 0.628876 -0.00560624 -9.0149 -0.00438053 0.00349888 0.999984 0.108036
0.626837 0.77915 0.000224308 14.4092 -0.77914 0.626831 -0.0048188 -9.23785 -0.00389517 0.00284584 0.999988 0.106298
0.623161 0.782093 -0.000903387 14.6398 -0.782088 0.623152 -0.00436732 -9.50649 -0.0028527 0.00342807 0.99999 0.10397
0.620501 0.784202 -0.00232383 14.903 -0.7842 0.620482 -0.00566061 -9.78373 -0.00299717 0.00533476 0.999981 0.111028
0.620682 0.784062 0.000241138 15.1012 -0.784054 0.620677 -0.00445369 -10.0124 -0.00364164 0.00257526 0.99999 0.103565
0.618331 0.785917 -0.000675713 15.2828 -0.7859 0.618312 -0.00723991 -10.2534 -0.00527217 0.00500771 0.999974 0.118189
0.614263 0.789098 0.00227402 15.5183 -0.789072 0.614263 -0.00689335 -10.5409 -0.00683637 0.00243997 0.999974 0.113962
0.613853 0.789418 0.00193178 15.7409 -0.789386 0.613847 -0.00784035 -10.7913 -0.00737513 0.0032879 0.999967 0.116504
0.61199 0.790858 0.00332477 15.964 -0.790817 0.611994 -0.00842271 -11.064 -0.00869591 0.00252533 0.999959 0.122583
0.609509 0.79277 0.00376544 16.1943 -0.792742 0.60952 -0.00676482 -11.3596 -0.00765806 0.00113819 0.99997 0.118592
0.610299 0.792163 0.00353983 16.4587 -0.792122 0.610305 -0.00844391 -11.6175 -0.00884933 0.00234933 0.999958 0.124806
0.606859 0.794794 0.0049911 16.6604 -0.794754 0.606879 -0.00799542 -11.897 -0.00938371 0.000885392 0.999956 0.1204
0.607899 0.794005 0.00396688 16.9088 -0.793957 0.607907 -0.00895368 -12.1338 -0.00952075 0.0022934 0.999952 0.128984
0.608852 0.793276 0.00347108 17.1298 -0.793222 0.608854 -0.00977002 -12.4164 -0.0098637 0.00319515 0.999946 0.124673
0.603872 0.797076 0.00282967 17.3745 -0.797003 0.603859 -0.0118316 -12.6848 -0.0111394 0.00488953 0.999926 0.130102
0.604119 0.79689 0.00262196 17.61 -0.796808 0.604098 -0.0127256 -12.9632 -0.0117248 0.00559855 0.999916 0.126366
0.600582 0.79956 0.00242541 17.8519 -0.799466 0.600553 -0.0137746 -13.2917 -0.0124702 0.00633371 0.999902 0.131016
0.599794 0.80015 0.00279193 18.0859 -0.800049 0.599767 -0.0141723 -13.5586 -0.0130145 0.00626679 0.999896 0.124169
0.599396 0.800452 0.00110696 18.3151 -0.800352 0.599341 -0.015079 -13.8288 -0.0127335 0.00815234 0.999886 0.129092
0.600452 0.799661 -0.000448149 18.5742 -0.79958 0.600384 -0.0145485 -14.1103 -0.0113648 0.00909398 0.999894 0.124152
0.59906 0.800704 -0.00100377 18.8458 -0.800623 0.598981 -0.0149841 -14.41 -0.0113966 0.00978003 0.999887 0.126227
0.596028 0.802956 -0.00353228 19.0828 -0.802905 0.595926 -0.0146738 -14.7167 -0.00967747 0.0115821 0.999886 0.120767
0.597404 0.801934 -0.00316322 19.3127 -0.801887 0.597315 -0.013855 -14.9959 -0.00922137 0.0108136 0.999899 0.129242
0.599405 0.800433 -0.00455106 19.561 -0.800401 0.599301 -0.014018 -15.2911 -0.008493 0.0120451 0.999891 0.125591
0.597821 0.801616 -0.00471861 19.8152 -0.801584 0.597714 -0.0141419 -15.58 -0.00851597 0.0122367 0.999889 0.119117
0.592981 0.805195 -0.00586913 20.1262 -0.805168 0.592849 -0.0153235 -15.8772 -0.00885889 0.0138122 0.999865 0.122942
0.594978 0.803724 -0.00530242 20.3944 -0.803697 0.594862 -0.0145242 -16.1974 -0.00851922 0.0129031 0.99988 0.127626
0.586015 0.810284 -0.0049911 20.6676 -0.810252 0.585903 -0.014468 -16.5193 -0.00879891 0.0125225 0.999883 0.131105
0.590367 0.807115 -0.00568052 20.9288 -0.807077 0.590225 -0.0161658 -16.83 -0.00969484 0.0141283 0.999853 0.1301
0.591072 0.806588 -0.00712186 21.1774 -0.806577 0.590928 -0.0154095 -17.126 -0.00822062 0.0148525 0.999856 0.137736
0.5953 0.803447 -0.00952685 21.4262 -0.803473 0.595132 -0.0157802 -17.4281 -0.00700879 0.0170485 0.99983 0.118033
0.596305 0.802719 -0.00797129 21.7054 -0.802733 0.596178 -0.0138249 -17.7489 -0.00634518 0.0146427 0.999873 0.140902
0.596058 0.80288 -0.00993869 22.001 -0.802922 0.595912 -0.0143093 -18.0758 -0.00556604 0.0165091 0.999848 0.135453
0.589735 0.807564 -0.0072631 22.2849 -0.807564 0.589606 -0.0143105 -18.4167 -0.00727428 0.0143048 0.999871 0.136331
0.596794 0.802364 -0.0070387 22.5696 -0.802368 0.596681 -0.0132729 -18.7562 -0.00644985 0.0135688 0.999887 0.129199
0.594012 0.804432 -0.00624671 22.8197 -0.804417 0.593889 -0.0144406 -19.1429 -0.00790666 0.0136029 0.999876 0.12845
0.593986 0.804464 -0.00423973 23.0827 -0.804431 0.593889 -0.0136913 -19.4618 -0.00849626 0.011543 0.999897 0.137412
0.591059 0.806613 -0.00491852 23.3748 -0.806564 0.590924 -0.0162222 -19.8431 -0.0101786 0.0135554 0.999856 0.141511
0.596698 0.802445 -0.00583976 23.6158 -0.802409 0.596553 -0.0162488 -20.1224 -0.00955503 0.0143815 0.999851 0.130669
0.596401 0.802671 -0.00500198 23.9148 -0.802641 0.596289 -0.0143605 -20.474 -0.00854412 0.0125794 0.999884 0.137564
0.596172 0.802836 -0.00580815 24.2143 -0.802816 0.596054 -0.0143325 -20.865 -0.00804468 0.0132075 0.99988 0.135287
0.595015 0.803694 -0.00577516 24.5229 -0.803672 0.594894 -0.0145881 -21.2312 -0.00828875 0.0133215 0.999877 0.146157
0.59697 0.802246 -0.00533933 24.7495 -0.80223 0.596872 -0.0130736 -21.5435 -0.00730132 0.0120879 0.9999 0.139522
0.598435 0.801155 -0.00511249 25.07 -0.801137 0.598339 -0.0130313 -21.9263 -0.00738113 0.0118942 0.999902 0.139581
0.596799 0.802363 -0.00670454 25.3956 -0.802359 0.596681 -0.0138211 -22.2811 -0.00708906 0.0136279 0.999882 0.144287
0.596416 0.802643 -0.00724168 25.7285 -0.802642 0.596285 -0.0145005 -22.6387 -0.00732064 0.0144608 0.999869 0.143067
0.599192 0.800566 -0.00791873 26.0046 -0.800588 0.599086 -0.0124436 -22.9814 -0.00521794 0.0137958 0.999891 0.140541
0.596189 0.802806 -0.00776648 26.335 -0.802827 0.596086 -0.0122684 -23.3812 -0.00521962 0.0135494 0.999895 0.146177
0.597066 0.802146 -0.00866595 26.6474 -0.802178 0.596956 -0.0123967 -23.7682 -0.00477077 0.0143533 0.999886 0.147274
0.598442 0.80112 -0.00862598 27.0069 -0.801148 0.59832 -0.0132053 -24.1023 -0.00541791 0.0148133 0.999876 0.152233
0.596171 0.802808 -0.00890226 27.3217 -0.802845 0.596067 -0.0119915 -24.4819 -0.00432056 0.0142962 0.999888 0.158088
0.600307 0.799721 -0.00878753 27.6162 -0.799753 0.600187 -0.0130683 -24.8455 -0.00517683 0.0148728 0.999876 0.15765
0.598033 0.801429 -0.00825367 27.962 -0.801455 0.597922 -0.0125938 -25.2328 -0.00515796 0.0141464 0.999887 0.162742
0.600693 0.799431 -0.00878684 28.2898 -0.79946 0.600565 -0.0136138 -25.5678 -0.00560623 0.0152024 0.999869 0.167868
0.601722 0.798675 -0.00698618 28.5884 -0.79868 0.601611 -0.013213 -25.9323 -0.00634993 0.0135303 0.999888 0.161891
0.59922 0.800548 -0.00766111 28.9814 -0.800561 0.599101 -0.0134438 -26.3024 -0.00617261 0.014189 0.99988 0.174816
0.600703 0.799444 -0.0067278 29.2684 -0.799452 0.600606 -0.0122138 -26.7339 -0.00572349 0.0127154 0.999903 0.182357
0.603417 0.797396 -0.00695569 29.5757 -0.797396 0.603297 -0.0138693 -27.0573 -0.00686296 0.0139154 0.99988 0.173471
0.601869 0.798564 -0.00704628 29.9347 -0.798564 0.601744 -0.0141584 -27.4972 -0.0070663 0.0141484 0.999875 0.178629
0.600562 0.799547 -0.00708042 30.3135 -0.799537 0.600417 -0.0154725 -27.8554 -0.00811978 0.0149532 0.999855 0.182865
0.600929 0.799258 -0.00835587 30.7267 -0.79927 0.600778 -0.015273 -28.2758 -0.00718705 0.0158566 0.999848 0.193297
0.598818 0.800852 -0.00729593 31.0581 -0.80084 0.598664 -0.0160161 -28.6637 -0.00845871 0.0154336 0.999845 0.194688
0.598644 0.800976 -0.00787399 31.425 -0.800977 0.598492 -0.0155725 -29.1062 -0.00776065 0.0156293 0.999848 0.180286
0.599267 0.800489 -0.009823 31.8043 -0.800532 0.599128 -0.013965 -29.5233 -0.00529361 0.0162324 0.999854 0.195463
0.600539 0.799545 -0.00896745 32.1166 -0.799579 0.600419 -0.0130507 -29.95 -0.00505037 0.0150076 0.999875 0.183422
0.600259 0.799754 -0.00909983 32.4786 -0.799791 0.600138 -0.0129738 -30.3534 -0.00491472 0.0150656 0.999874 0.181997
0.602054 0.798375 -0.0113383 32.8522 -0.798449 0.601934 -0.0123954 -30.7243 -0.00307127 0.0165157 0.999859 0.189344
0.60083 0.799317 -0.0097832 33.2729 -0.799371 0.600733 -0.01124 -31.1732 -0.0031072 0.0145737 0.999889 0.182913
0.59928 0.800484 -0.00944599 33.7766 -0.800533 0.599185 -0.0111284 -31.569 -0.00324819 0.0142308 0.999893 0.186169
0.603664 0.797186 -0.00915888 33.9559 -0.797233 0.603577 -0.0106533 -31.9933 -0.0029646 0.0137328 0.999901 0.188157
0.602092 0.798365 -0.00991249 34.3665 -0.798421 0.601992 -0.0113882 -32.3949 -0.0031247 0.0147711 0.999886 0.209681
0.602769 0.797868 -0.00872662 34.7506 -0.797903 0.602661 -0.0122762 -32.7959 -0.00453561 0.0143627 0.999887 0.207855
0.60402 0.796926 -0.00827149 35.0617 -0.796955 0.603917 -0.0121408 -33.2393 -0.00468 0.0139253 0.999892 0.209817
0.600479 0.799621 -0.00553003 35.4575 -0.799606 0.600375 -0.0134539 -33.6694 -0.00743792 0.0125006 0.999894 0.213784
0.601728 0.798677 -0.00616668 35.8982 -0.798649 0.601583 -0.0160755 -34.0435 -0.00912937 0.0145981 0.999852 0.234272
0.601713 0.798696 -0.00517317 36.2754 -0.798656 0.60158 -0.015825 -34.4423 -0.00952728 0.0136537 0.999861 0.241012
0.603676 0.797214 -0.00508338 36.6175 -0.797165 0.603533 -0.0166179 -34.9185 -0.01018 0.0140841 0.999849 0.242562
0.605824 0.795586 -0.00456649 36.9633 -0.79554 0.6057 -0.0155861 -35.3081 -0.00963418 0.0130753 0.999868 0.242543
0.606491 0.795075 -0.00497281 37.365 -0.795039 0.606369 -0.0151897 -35.7258 -0.00906156 0.013166 0.999872 0.248665
0.603926 0.797022 -0.00540906 37.8024 -0.796988 0.603794 -0.0155844 -36.1827 -0.00915514 0.0137228 0.999864 0.252166
0.603265 0.797516 -0.00628315 38.1918 -0.797485 0.603109 -0.0166643 -36.6293 -0.00950064 0.0150637 0.999841 0.258647
0.602183 0.798328 -0.00691653 38.5795 -0.798303 0.602017 -0.0169462 -37.0556 -0.00936478 0.0157262 0.999832 0.267846
0.60294 0.797769 -0.00538396 38.9698 -0.797715 0.602782 -0.0174496 -37.4852 -0.0106754 0.014816 0.999833 0.269304
0.603522 0.797324 -0.00608046 39.3251 -0.797272 0.603344 -0.0182457 -37.9389 -0.0108791 0.0158594 0.999815 0.271183
0.604503 0.796589 -0.0047057 39.656 -0.796513 0.604334 -0.0186537 -38.3025 -0.0120155 0.0150244 0.999815 0.281313
0.607773 0.79409 -0.00578208 39.9779 -0.794038 0.607603 -0.0179376 -38.735 -0.0107308 0.0154932 0.999822 0.280305
0.607024 0.794652 -0.00701259 40.3066 -0.794615 0.606834 -0.01842 -39.1086 -0.010382 0.0167537 0.999806 0.281389
0.607427 0.79434 -0.00750778 40.7138 -0.794329 0.607262 -0.0165597 -39.5661 -0.00859485 0.0160225 0.999835 0.279213
0.60618 0.795292 -0.00750556 41.0587 -0.795279 0.606012 -0.0167392 -39.9786 -0.00876407 0.016116 0.999832 0.285486
0.606642 0.79493 -0.00846721 41.4528 -0.794946 0.606495 -0.0149604 -40.3832 -0.00675716 0.0158066 0.999852 0.287408
0.607621 0.794176 -0.00898996 41.8385 -0.794173 0.60741 -0.0185023 -40.8284 -0.0092335 0.018382 0.999788 0.288483
0.606381 0.795108 -0.0102726 42.2329 -0.795133 0.606169 -0.0179383 -41.2914 -0.00803594 0.0190456 0.999786 0.290347
0.604814 0.796308 -0.00966154 42.5946 -0.796317 0.604596 -0.0185129 -41.7494 -0.00890061 0.0188905 0.999782 0.306383
0.606978 0.794649 -0.010546 42.9888 -0.794675 0.606753 -0.0184796 -42.153 -0.00828594 0.0195973 0.999774 0.309524
0.606814 0.794741 -0.0127847 43.41 -0.794818 0.606583 -0.0179443 -42.6054 -0.00650609 0.0210504 0.999757 0.311567
0.607778 0.793989 -0.0136511 43.7656 -0.794077 0.607519 -0.0190132 -42.999 -0.00680299 0.0223959 0.999726 0.307852
0.606412 0.79502 -0.0144003 44.1926 -0.79512 0.606129 -0.0198054 -43.4564 -0.00701724 0.0234602 0.9997 0.320997
0.602498 0.797971 -0.0154371 44.5836 -0.798082 0.602166 -0.0214876 -43.842 -0.00785074 0.0252663 0.99965 0.32982
0.604012 0.796838 -0.0147874 44.9885 -0.796926 0.603664 -0.0223249 -44.2927 -0.00886274 0.025269 0.999641 0.334714
0.600549 0.799417 -0.0165524 45.3646 -0.799527 0.600116 -0.0248556 -44.7223 -0.00993668 0.0281611 0.999554 0.332812
0.602502 0.797884 -0.0192972 45.7367 -0.798073 0.602036 -0.0251512 -45.1605 -0.0084501 0.0305542 0.999497 0.346565
0.601362 0.798719 -0.020287 46.0975 -0.798935 0.600877 -0.0254705 -45.5974 -0.0081538 0.031525 0.99947 0.342464
0.600795 0.799111 -0.0216158 46.4817 -0.799369 0.600303 -0.025382 -46.0287 -0.00730701 0.0325284 0.999444 0.356816
0.600587 0.799229 -0.0229848 46.8554 -0.799527 0.60006 -0.0261475 -46.4738 -0.00710551 0.0340809 0.999394 0.357649
0.602626 0.797649 -0.0244534 47.2337 -0.797998 0.602079 -0.0264534 -46.9277 -0.00637765 0.0354552 0.999351 0.358644
0.600975 0.798866 -0.0253362 47.6188 -0.799243 0.600406 -0.0268847 -47.3787 -0.00626527 0.0364069 0.999317 0.357699
0.600555 0.799192 -0.0250359 48.0026 -0.799545 0.599921 -0.0287013 -47.8204 -0.00791833 0.037254 0.999274 0.373136
0.600668 0.799051 -0.0267446 48.3689 -0.799464 0.599993 -0.0294127 -48.2499 -0.00745573 0.0390486 0.99921 0.377835
0.600124 0.79938 -0.0290269 48.777 -0.799864 0.599322 -0.0320923 -48.6999 -0.00825746 0.042477 0.999063 0.383952
0.600589 0.799025 -0.0291762 49.1611 -0.79952 0.599805 -0.0316541 -49.1541 -0.0077924 0.0423381 0.999073 0.382302
0.599732 0.799665 -0.0292927 49.5478 -0.800161 0.598935 -0.0319115 -49.6146 -0.0079741 0.0425773 0.999061 0.384837
0.59848 0.800464 -0.0328482 49.9532 -0.801103 0.597569 -0.0338479 -50.067 -0.00746497 0.0465721 0.998887 0.39157
0.59888 0.800123 -0.0338497 50.3323 -0.800807 0.597948 -0.0341402 -50.5207 -0.00707594 0.047553 0.998844 0.398667
0.596585 0.801752 -0.0357739 50.7439 -0.802515 0.595548 -0.0359437 -50.9899 -0.0075129 0.0501525 0.998713 0.4036
0.597275 0.801238 -0.0357936 51.1162 -0.801995 0.596192 -0.0368721 -51.4425 -0.0082035 0.050729 0.998679 0.408837
0.596987 0.801367 -0.0376492 51.5203 -0.802214 0.595849 -0.037651 -51.9174 -0.00773907 0.0526799 0.998581 0.412822
0.594205 0.803399 -0.0383526 51.9192 -0.804272 0.59301 -0.0385443 -52.4 -0.00822301 0.0537491 0.998521 0.416721
0.594479 0.803139 -0.0395365 52.3057 -0.80406 0.593167 -0.0405094 -52.8775 -0.00908289 0.0558717 0.998397 0.4238
0.595847 0.802004 -0.0419156 52.7044 -0.803074 0.594613 -0.0388222 -53.3451 -0.00621198 0.0567935 0.998367 0.427474
0.59787 0.800533 -0.041209 53.0768 -0.80157 0.596669 -0.038376 -53.8104 -0.00613317 0.0559757 0.998413 0.435112
0.595957 0.801779 -0.0445687 53.4785 -0.803009 0.594798 -0.0372979 -54.2767 -0.0033953 0.058017 0.99831 0.444532
0.596122 0.80167 -0.0443076 53.8855 -0.802885 0.59495 -0.0375599 -54.789 -0.00374986 0.0579642 0.998312 0.447627
0.595268 0.802281 -0.044745 54.2701 -0.803526 0.594262 -0.0346088 -55.241 -0.00117571 0.0565553 0.998399 0.455927
0.594917 0.802573 -0.0441626 54.6621 -0.80378 0.593786 -0.0368083 -55.7256 -0.00331826 0.0573949 0.998346 0.46661
0.596043 0.801635 -0.0459763 55.0614 -0.802952 0.595073 -0.0340075 -56.192 9.76704e-05 0.0571867 0.998363 0.473375
0.595254 0.802232 -0.0457812 55.4559 -0.803537 0.594212 -0.0352273 -56.6759 -0.00105677 0.057756 0.99833 0.481314
0.592963 0.803906 -0.0461573 55.8365 -0.80523 0.591956 -0.0345347 -57.1401 -0.000439525 0.057645 0.998337 0.486744
0.592962 0.80386 -0.0469585 56.2302 -0.80523 0.591917 -0.035201 -57.6217 -0.000501161 0.0586852 0.998276 0.489455
0.593496 0.803557 -0.0453683 56.6574 -0.804837 0.592506 -0.0342651 -58.1152 -0.000652961 0.0568503 0.998383 0.504166
0.593001 0.803882 -0.0460797 57.0612 -0.8052 0.591897 -0.0362185 -58.6052 -0.00184092 0.058581 0.998281 0.518566
0.593637 0.803386 -0.0465424 57.4489 -0.804732 0.592561 -0.0357493 -59.0705 -0.00114128 0.0586763 0.998276 0.524287
0.593568 0.803489 -0.045631 57.8379 -0.804778 0.592402 -0.0372985 -59.544 -0.002937 0.058862 0.998262 0.534157
0.591651 0.804816 -0.0471233 58.2278 -0.806192 0.590502 -0.0368945 -60.0295 -0.00186687 0.0598191 0.998208 0.547405
0.591704 0.804661 -0.0490555 58.6384 -0.806152 0.590429 -0.038893 -60.5216 -0.00233182 0.0625593 0.998039 0.554972
0.592956 0.80361 -0.0511275 59.0318 -0.805234 0.591707 -0.0384718 -61.0109 -0.000663848 0.0639817 0.997951 0.567392
0.590275 0.805445 -0.0532406 59.3999 -0.807202 0.589078 -0.0375895 -61.4843 0.00108664 0.065164 0.997874 0.575824
0.592603 0.803642 -0.0546071 59.8202 -0.805493 0.591395 -0.0378592 -61.967 0.00186915 0.066421 0.99779 0.585397
0.594668 0.802028 -0.0558695 60.1953 -0.803966 0.593475 -0.0377525 -62.4099 0.00287858 0.0673674 0.997724 0.595908
0.595535 0.801339 -0.0565098 60.6442 -0.803318 0.59443 -0.0365158 -62.9399 0.00432957 0.0671417 0.997734 0.615364
0.596006 0.800955 -0.0569905 61.0187 -0.802963 0.594955 -0.0357634 -63.3968 0.00526189 0.0670764 0.997734 0.626518
0.597124 0.800037 -0.0581606 61.447 -0.802132 0.596002 -0.0369475 -63.9052 0.00510449 0.0687147 0.997623 0.640934
0.59884 0.798883 -0.0563659 61.8636 -0.80085 0.597822 -0.0353197 -64.3825 0.00548051 0.0662915 0.997785 0.652392
0.598881 0.799002 -0.0541974 62.2904 -0.800823 0.597912 -0.0344147 -64.8724 0.00490785 0.0640128 0.997937 0.670341
0.601073 0.797408 -0.0534033 62.6965 -0.799189 0.599962 -0.0366421 -65.348 0.00282126 0.0647039 0.997901 0.68042
0.599659 0.798517 -0.0527263 63.158 -0.800249 0.598616 -0.0354893 -65.8659 0.00322401 0.0634757 0.997978 0.697065
0.603347 0.795868 -0.0506551 63.5944 -0.797473 0.602369 -0.0344889 -66.357 0.00306445 0.0612048 0.998121 0.717011
0.601595 0.797109 -0.0519633 64.0731 -0.798789 0.600666 -0.03371 -66.9013 0.00434198 0.0617875 0.99808 0.735782
0.603655 0.795605 -0.0511232 64.4606 -0.797235 0.602735 -0.0335743 -67.3939 0.00410183 0.0610245 0.998128 0.744862
0.604948 0.794628 -0.0510404 64.9211 -0.796254 0.604031 -0.0335508 -67.9219 0.00416955 0.0609376 0.998133 0.763776
0.606536 0.793517 -0.0494401 65.3297 -0.795049 0.605626 -0.033395 -68.4097 0.00344265 0.0595625 0.998219 0.77926
0.605842 0.794132 -0.0480609 65.7873 -0.795578 0.604971 -0.0326441 -68.9425 0.00315176 0.0580134 0.998311 0.791914
0.609046 0.791673 -0.0481207 66.1887 -0.793134 0.607956 -0.0364354 -69.4269 0.000410318 0.0603571 0.998177 0.794801
0.608487 0.792035 -0.0492329 66.645 -0.793563 0.607374 -0.0367929 -69.95 0.000761548 0.0614575 0.998109 0.827227
0.607599 0.792733 -0.0489741 67.0821 -0.794244 0.606434 -0.037613 -70.4709 -0.000117557 0.061751 0.998092 0.842438
0.609146 0.79172 -0.0460391 67.5115 -0.793056 0.608009 -0.0372317 -70.9912 -0.00148489 0.0591912 0.998246 0.831567
0.610957 0.790248 -0.04733 67.957 -0.791657 0.609616 -0.0405811 -71.5216 -0.00321595 0.0622625 0.998055 0.827512
0.611258 0.789947 -0.0484553 68.3976 -0.791431 0.610155 -0.0367146 -72.0147 0.000562682 0.0607911 0.99815 0.868516
0.612188 0.78918 -0.0492006 68.8031 -0.790706 0.611244 -0.0341231 -72.4736 0.0031443 0.0597929 0.998206 0.873248
0.614603 0.7874 -0.0475868 69.2482 -0.788827 0.613772 -0.0321982 -72.9787 0.00385455 0.0573269 0.998348 0.858554
0.616816 0.785684 -0.0473127 69.7413 -0.7871 0.615951 -0.032828 -73.5274 0.00334986 0.0574886 0.998341 0.888292
0.616877 0.785661 -0.0468949 70.1617 -0.787048 0.616091 -0.0314142 -74.0098 0.00421062 0.0562873 0.998406 0.910726
0.61626 0.786043 -0.0485791 70.5858 -0.787521 0.61553 -0.0305633 -74.4758 0.00587784 0.0570919 0.998352 0.925152
0.616138 0.786097 -0.0492544 71.0825 -0.787613 0.615414 -0.0305149 -75.0278 0.00632419 0.0575948 0.99832 0.924875
0.617885 0.784757 -0.0487335 71.469 -0.786249 0.617113 -0.0313614 -75.4985 0.00546306 0.0576944 0.998319 0.930203
0.618071 0.784635 -0.048344 71.9397 -0.786094 0.617403 -0.0294934 -76.0115 0.00670617 0.056232 0.998395 0.961499
0.61607 0.786283 -0.04708 72.3027 -0.787666 0.615429 -0.0287954 -76.4687 0.00633299 0.0548233 0.998476 0.979489
0.616468 0.785964 -0.0471929 72.7939 -0.787344 0.615902 -0.0274516 -77.0172 0.00749024 0.05408 0.998509 0.997049
0.617193 0.785341 -0.0480855 73.225 -0.786777 0.616584 -0.0283941 -77.5023 0.00734968 0.0553572 0.99844 1.00815
0.613293 0.788458 -0.0469587 73.7129 -0.78982 0.612742 -0.0270465 -78.0103 0.0074485 0.0536764 0.998531 1.03228
0.614407 0.787565 -0.0473951 74.144 -0.788954 0.613839 -0.0274379 -78.5043 0.00748386 0.0542505 0.998499 1.0425
0.613728 0.788006 -0.048835 74.6076 -0.789482 0.613116 -0.028426 -79.0228 0.00754171 0.0560002 0.998402 1.06737
0.614604 0.787405 -0.0474876 75.0621 -0.788799 0.614043 -0.0273445 -79.546 0.00762826 0.0542642 0.998497 1.08078
0.613214 0.788485 -0.0475458 75.5163 -0.789879 0.612664 -0.0270888 -80.0406 0.00777045 0.0541666 0.998502 1.10139
0.614532 0.787405 -0.0484051 75.9431 -0.788852 0.613959 -0.0276895 -80.5258 0.0079159 0.0552005 0.998444 1.10483
0.614267 0.787576 -0.0489801 76.417 -0.789061 0.613656 -0.0284507 -81.0755 0.00764982 0.0561246 0.998394 1.11799
0.612586 0.788946 -0.0479772 76.843 -0.790372 0.611977 -0.028222 -81.5853 0.00709523 0.0552082 0.99845 1.13812
0.610712 0.790342 -0.0488947 77.3035 -0.791818 0.610098 -0.0283693 -82.0789 0.00740912 0.0560412 0.998401 1.15708
0.608239 0.792316 -0.0477609 77.689 -0.793723 0.607647 -0.027742 -82.5273 0.0070413 0.0547827 0.998473 1.17669
0.610798 0.790243 -0.0494118 78.1547 -0.791747 0.6102 -0.0281595 -83.0951 0.00789822 0.0563215 0.998381 1.1919
0.610186 0.790745 -0.0489463 78.571 -0.79222 0.6096 -0.0278571 -83.5549 0.00780985 0.0557742 0.998413 1.20048
0.610263 0.790602 -0.0502805 78.9877 -0.792145 0.609735 -0.0270183 -84.0636 0.00929711 0.0563177 0.99837 1.22621
0.610706 0.790337 -0.0490521 79.4544 -0.791803 0.610216 -0.0261409 -84.6102 0.00927228 0.054804 0.998454 1.24923
0.612562 0.788959 -0.0480708 79.9055 -0.790361 0.612138 -0.0248359 -85.105 0.00983148 0.0532068 0.998535 1.25856
0.613436 0.788238 -0.0487577 80.3399 -0.789672 0.613047 -0.0243235 -85.6035 0.010718 0.0534235 0.998514 1.27286
0.615073 0.786665 -0.053323 80.8118 -0.78839 0.614565 -0.0273915 -86.1423 0.0112225 0.0588871 0.998202 1.29814
0.617551 0.784897 -0.0506711 81.2533 -0.786465 0.617048 -0.0269138 -86.621 0.010142 0.0564717 0.998353 1.3093
0.618588 0.784227 -0.0483427 81.7343 -0.78564 0.618211 -0.0241966 -87.1725 0.0109103 0.0529477 0.998538 1.33649
0.62065 0.782538 -0.0492667 82.1468 -0.784003 0.62028 -0.0243452 -87.6309 0.0115081 0.0537351 0.998489 1.34742
0.621304 0.781914 -0.0509044 82.6415 -0.783495 0.620832 -0.0265416 -88.1881 0.0108498 0.0563737 0.998351 1.37565
0.62293 0.780575 -0.0515817 83.0821 -0.78218 0.622537 -0.0253318 -88.6818 0.0123381 0.0561262 0.998347 1.3931
0.625635 0.778353 -0.0524072 83.5787 -0.780006 0.625261 -0.0252872 -89.2309 0.0130858 0.0566985 0.998306 1.41209
0.62571 0.778212 -0.0536021 84.0222 -0.779929 0.625367 -0.0250306 -89.6996 0.0140419 0.0574677 0.998249 1.42554
0.625024 0.778736 -0.0539811 84.4942 -0.780461 0.624743 -0.0240348 -90.2529 0.0150075 0.0571525 0.998253 1.45249
0.627401 0.776869 -0.053314 84.9797 -0.778543 0.627165 -0.0231417 -90.8292 0.0154586 0.0560263 0.99831 1.47159
0.626373 0.777683 -0.0535392 85.47 -0.779351 0.626199 -0.0220374 -91.3176 0.0163881 0.0555294 0.998323 1.50124
0.627474 0.776884 -0.0522303 85.9144 -0.778483 0.627274 -0.022173 -91.8527 0.0155369 0.0545733 0.998389 1.51523
0.629588 0.775149 -0.0525521 86.4706 -0.776778 0.629356 -0.0229484 -92.421 0.0152855 0.0552694 0.998354 1.54428
0.629955 0.774869 -0.0522877 86.8878 -0.776472 0.629762 -0.0221595 -92.9133 0.0157582 0.0545594 0.998386 1.56494
0.62962 0.775119 -0.0526241 87.3958 -0.776766 0.629337 -0.0238736 -93.4854 0.0146134 0.0559079 0.998329 1.59001
0.629272 0.775471 -0.0515902 87.7846 -0.777062 0.628965 -0.0240251 -93.9304 0.0138177 0.0552071 0.998379 1.59627
0.628426 0.776069 -0.0528927 88.3535 -0.777761 0.628018 -0.0260993 -94.5228 0.0129627 0.0575393 0.998259 1.62739
0.626697 0.777492 -0.0525017 88.7695 -0.779157 0.626296 -0.0258172 -95.0413 0.012809 0.0570867 0.998287 1.6466
0.627813 0.776636 -0.0518368 89.2606 -0.778278 0.627341 -0.0269645 -95.5724 0.0115777 0.0572721 0.998291 1.67154
0.627014 0.777303 -0.0515171 89.6921 -0.778924 0.626544 -0.0268334 -96.0732 0.01142 0.0569528 0.998312 1.70004
0.626475 0.777656 -0.0527257 90.2151 -0.779352 0.625994 -0.0272511 -96.6035 0.011814 0.058164 0.998237 1.71535
0.62581 0.778184 -0.0528391 90.6507 -0.779883 0.625343 -0.0270009 -97.1264 0.012031 0.0581057 0.998238 1.73486
0.62903 0.775661 -0.0516885 91.1571 -0.777278 0.628635 -0.025617 -97.665 0.0126231 0.0562902 0.998335 1.7503
0.6295 0.775266 -0.0518813 91.6427 -0.776908 0.629048 -0.0266914 -98.2002 0.0119429 0.0571093 0.998296 1.76685
0.629192 0.77559 -0.0507678 92.1262 -0.777172 0.62871 -0.0269565 -98.7052 0.0110111 0.0564161 0.998347 1.78679
0.627132 0.77728 -0.050404 92.5583 -0.778848 0.626597 -0.0277635 -99.208 0.010003 0.0566685 0.998343 1.81249
0.627712 0.776782 -0.0508671 92.978 -0.778391 0.6271 -0.0292087 -99.7085 0.00920998 0.0579291 0.998278 1.83013
0.629879 0.774962 -0.0518387 93.5302 -0.776623 0.629318 -0.0285726 -100.285 0.0104803 0.0582564 0.998247 1.84149
0.628702 0.775881 -0.0523771 93.9737 -0.777575 0.62813 -0.028803 -100.785 0.010552 0.0588356 0.998212 1.86294
0.628357 0.7761 -0.0532639 94.381 -0.777843 0.627811 -0.0285199 -101.298 0.0113054 0.0593516 0.998173 1.88616
0.626594 0.777525 -0.0532411 94.8825 -0.779279 0.625971 -0.0297371 -101.814 0.0102061 0.0601228 0.998139 1.9041
0.627637 0.776716 -0.0527645 95.3609 -0.778448 0.626977 -0.0303225 -102.334 0.00953016 0.0601059 0.998147 1.90721
0.627713 0.776536 -0.0544911 95.976 -0.778356 0.627162 -0.0288174 -102.848 0.011797 0.0605025 0.998098 1.93611
0.629029 0.775491 -0.054188 96.3563 -0.7773 0.628445 -0.0293581 -103.426 0.0112872 0.0605874 0.998099 1.93732
0.625884 0.778031 -0.054194 96.5936 -0.77983 0.625336 -0.0286527 -103.944 0.0115967 0.0601954 0.998119 1.94951
0.624303 0.779244 -0.0549859 97.0663 -0.7811 0.623708 -0.0295006 -104.476 0.0113069 0.0613668 0.998051 1.98799
0.628704 0.775618 -0.0561059 97.7219 -0.777524 0.628238 -0.0278095 -104.993 0.0136783 0.0611077 0.998037 2.00741
0.626943 0.777001 -0.0566768 98.1276 -0.778944 0.626469 -0.0279836 -105.522 0.013763 0.0616922 0.998 2.02358
0.628961 0.775362 -0.0567512 98.7164 -0.777305 0.628521 -0.0275512 -105.991 0.0143072 0.0614416 0.998008 2.04714
0.62841 0.775802 -0.0568489 99.1428 -0.777749 0.627976 -0.0274419 -106.545 0.0144102 0.0614589 0.998006 2.0715
0.625768 0.777915 -0.0571268 99.5952 -0.779909 0.625183 -0.0298016 -107.071 0.0125316 0.0632026 0.997922 2.09754
0.627877 0.776261 -0.0564749 100.119 -0.778203 0.627353 -0.0287888 -107.589 0.0130821 0.0620247 0.997989 2.11826
0.627183 0.776806 -0.0566896 100.532 -0.778767 0.626629 -0.0292863 -108.072 0.0127736 0.0625158 0.997962 2.12357
0.629461 0.774976 -0.0565001 101.042 -0.776917 0.628953 -0.0285899 -108.592 0.0133795 0.0618921 0.997993 2.15784
0.62987 0.774646 -0.0564587 101.563 -0.776609 0.629246 -0.0304587 -109.096 0.0119317 0.0630313 0.99794 2.18889
0.62953 0.774978 -0.0556876 102.076 -0.776876 0.628983 -0.029054 -109.627 0.0125103 0.0615527 0.998025 2.20464
0.629145 0.775319 -0.0552959 102.611 -0.777185 0.628627 -0.0284876 -110.117 0.0126735 0.060898 0.998064 2.22019
0.628968 0.775452 -0.0554439 103.1 -0.777335 0.62841 -0.0291768 -110.691 0.0122163 0.0614497 0.998035 2.24552
0.631976 0.772951 -0.0561595 103.589 -0.774876 0.631458 -0.0287914 -111.163 0.013208 0.0617121 0.998007 2.27263
0.628908 0.775577 -0.0543556 104.113 -0.777381 0.628402 -0.0280822 -111.679 0.0123773 0.0599161 0.998127 2.29968
0.629774 0.774773 -0.055788 104.573 -0.776652 0.629342 -0.0272158 -112.217 0.0140236 0.0604677 0.998072 2.31108
0.633272 0.771942 -0.0554261 105.081 -0.773823 0.632745 -0.0288365 -112.697 0.0128104 0.0611513 0.998046 2.32542
0.633376 0.771803 -0.0561729 105.608 -0.773738 0.632821 -0.0294336 -113.219 0.0128305 0.0621056 0.997987 2.34936
0.633911 0.771426 -0.0553107 106.118 -0.77331 0.633336 -0.0296193 -113.782 0.0121812 0.0615483 0.99803 2.37689
0.638563 0.76757 -0.0554442 106.664 -0.769443 0.638105 -0.0279121 -114.328 0.0139548 0.0604848 0.998072 2.40087
0.638458 0.767756 -0.0540554 107.161 -0.76955 0.637966 -0.0281695 -114.802 0.0128582 0.0595833 0.998141 2.41669
0.636356 0.769524 -0.0537114 107.66 -0.771287 0.635889 -0.0275847 -115.377 0.0129274 0.0589806 0.998175 2.43478
0.63314 0.772107 -0.0546258 108.076 -0.773937 0.632614 -0.0286595 -115.896 0.0124289 0.0604225 0.998096 2.44804
0.63451 0.771209 -0.0513165 108.587 -0.772831 0.63402 -0.0274173 -116.521 0.0113912 0.0570556 0.998306 2.47838
0.633118 0.772355 -0.0512792 109.003 -0.773973 0.632627 -0.0273609 -117.014 0.0113083 0.0570114 0.998309 2.48725
0.631573 0.773612 -0.0513838 109.565 -0.775234 0.631085 -0.0272931 -117.559 0.0113133 0.0570721 0.998306 2.51514
0.627522 0.777057 -0.0489728 110.016 -0.778532 0.62705 -0.0263894 -118.069 0.0102023 0.0546869 0.998451 2.53855
0.629845 0.775095 -0.0502316 110.538 -0.776637 0.629412 -0.0260107 -118.642 0.0114556 0.0553944 0.998399 2.56015
0.626739 0.777693 -0.0489003 111.082 -0.779152 0.626325 -0.0252747 -119.114 0.0109715 0.0539414 0.998484 2.56739
0.622369 0.781229 -0.0483624 111.511 -0.782637 0.622034 -0.0235238 -119.661 0.0117056 0.0524907 0.998553 2.59844
0.622127 0.781366 -0.0492382 112.028 -0.782827 0.621772 -0.0240953 -120.162 0.0117877 0.0535353 0.998496 2.6195
0.62449 0.779563 -0.0478898 112.488 -0.780936 0.624204 -0.0225418 -120.809 0.0123203 0.051476 0.998598 2.63343
0.622404 0.781186 -0.048595 113.071 -0.782583 0.62217 -0.0216445 -121.237 0.013326 0.0515012 0.998584 2.65156
0.621158 0.782282 -0.0468803 113.577 -0.783593 0.620892 -0.0218106 -121.809 0.0120456 0.0502829 0.998662 2.68445
0.62051 0.782807 -0.0466952 114.104 -0.784105 0.620255 -0.021512 -122.359 0.0121231 0.0499623 0.998678 2.71237
0.619105 0.783958 -0.0460221 114.465 -0.785219 0.618856 -0.0212016 -122.923 0.0118598 0.0492635 0.998715 2.71649
0.619365 0.783842 -0.0444842 114.988 -0.785029 0.619089 -0.0213923 -123.505 0.0107715 0.048171 0.998781 2.73271
0.61875 0.784291 -0.0451185 115.438 -0.785498 0.618525 -0.0204708 -124.045 0.0118519 0.0481069 0.998772 2.76538
0.617483 0.785363 -0.0438115 115.993 -0.786497 0.617284 -0.0195637 -124.545 0.0116795 0.0465379 0.998848 2.78226
0.617873 0.785138 -0.042317 116.483 -0.786203 0.617662 -0.0194504 -125.116 0.0108663 0.0452876 0.998915 2.79845
0.61821 0.784895 -0.0419127 116.942 -0.785941 0.617997 -0.0194259 -125.666 0.0106546 0.0449502 0.998932 2.81684
0.617991 0.785041 -0.0423919 117.386 -0.786103 0.617805 -0.018926 -126.208 0.0113323 0.0450205 0.998922 2.84219
0.617344 0.785615 -0.0411883 117.937 -0.786622 0.617149 -0.0188042 -126.688 0.0106464 0.0440082 0.998974 2.85618
0.61655 0.786319 -0.0396163 118.349 -0.787245 0.616387 -0.0176437 -127.289 0.0105454 0.042066 0.999059 2.8727
0.615603 0.787098 -0.0388555 118.915 -0.787989 0.615447 -0.0172593 -127.816 0.0103288 0.0412425 0.999096 2.90193
0.61206 0.789856 -0.0388654 119.404 -0.790755 0.611865 -0.0181333 -128.315 0.00945766 0.0418317 0.99908 2.93633
0.615801 0.786896 -0.0397885 119.826 -0.787824 0.615664 -0.0170749 -128.913 0.0110601 0.0418611 0.999062 2.93739
0.616417 0.786508 -0.0378783 120.337 -0.787349 0.616293 -0.0162549 -129.463 0.0105595 0.0398432 0.99915 2.95816
0.616355 0.786603 -0.0369119 120.796 -0.787404 0.616225 -0.0161553 -130.002 0.0100382 0.0390219 0.999188 2.99453
0.616345 0.786604 -0.0370591 121.204 -0.787407 0.616232 -0.0157378 -130.527 0.0104576 0.0388805 0.999189 3.01698
0.617577 0.785645 -0.0368999 121.711 -0.786434 0.617491 -0.0150421 -131.135 0.0109676 0.0383091 0.999206 3.03077
0.617655 0.785552 -0.0375553 122.233 -0.786373 0.617553 -0.0156576 -131.652 0.0108925 0.0392035 0.999172 3.0449
0.616161 0.786798 -0.0359919 122.576 -0.787556 0.61605 -0.0154116 -132.254 0.0100471 0.0378417 0.999233 3.06789
0.616644 0.786392 -0.0365736 123.106 -0.787175 0.616531 -0.0156237 -132.697 0.0102624 0.038424 0.999209 3.09655
0.61614 0.786777 -0.0367904 123.563 -0.787565 0.616042 -0.01528 -133.248 0.0106425 0.0383894 0.999206 3.10957
0.617834 0.78545 -0.0367346 124.035 -0.786241 0.617717 -0.0158223 -133.781 0.0102639 0.0386578 0.9992 3.12505
